0.000000	0.000000
0.100000	0.000000
0.200000	0.000000
0.300000	0.000000
0.400000	0.000000
0.500000	0.000000
0.600000	0.000000
0.700000	0.000000
0.800000	0.000000
0.900000	0.000000
1.000000	0.000000
1.100000	0.000000
1.200000	0.000000
1.300000	0.000000
1.400000	0.000000
1.500000	0.000000
1.600000	0.000000
1.700000	0.000000
1.800000	0.000000
1.900000	0.000000
2.000000	0.000000
2.100000	0.000000
2.200000	0.000000
2.300000	0.000000
2.400000	0.000000
2.500000	0.000000
2.600000	0.000000
2.700000	0.000000
2.800000	0.000000
2.900000	0.000000
3.000000	0.000000
3.100000	0.000000
3.200000	0.000000
3.300000	0.000000
3.400000	0.000000
3.500000	0.000000
3.600000	0.000000
3.700000	0.000000
3.800000	0.000000
3.900000	0.000000
4.000000	0.000000
4.100000	0.000000
4.200000	0.000000
4.300000	0.000000
4.400000	0.000000
4.500000	0.000000
4.600000	0.000000
4.700000	0.000000
4.800000	0.000000
4.900000	0.000000
5.000000	0.000000
5.100000	0.000000
5.200000	0.000000
5.300000	0.000000
5.400000	0.000000
5.500000	0.000000
5.600000	0.000000
5.700000	0.000000
5.800000	0.000000
5.900000	0.000000
6.000000	0.000000
6.100000	0.000526
6.200000	0.000773
6.300000	0.001038
6.400000	0.001316
6.500000	0.001603
6.600000	0.001899
6.700000	0.002202
6.800000	0.002509
6.900000	0.002820
7.000000	0.003134
7.100000	0.003448
7.200000	0.003763
7.300000	0.004076
7.400000	0.004386
7.500000	0.004692
7.600000	0.004993
7.700000	0.005288
7.800000	0.005575
7.900000	0.005854
8.000000	0.006124
8.100000	0.006384
8.200000	0.006632
8.300000	0.006868
8.400000	0.007090
8.500000	0.007299
8.600000	0.007494
8.700000	0.007673
8.800000	0.007836
8.900000	0.007982
9.000000	0.008112
9.100000	0.008223
9.200000	0.008317
9.300000	0.008392
9.400000	0.008448
9.500000	0.008484
9.600000	0.008502
9.700000	0.008500
9.800000	0.008478
9.900000	0.008436
10.000000	0.008375
10.100000	0.008294
10.200000	0.008193
10.300000	0.008073
10.400000	0.007933
10.500000	0.007774
10.600000	0.007597
10.700000	0.007401
10.800000	0.007188
10.900000	0.006957
11.000000	0.006709
11.100000	0.006444
11.200000	0.006164
11.300000	0.005869
11.400000	0.005559
11.500000	0.005236
11.600000	0.004900
11.700000	0.004552
11.800000	0.004193
11.900000	0.003824
12.000000	0.003446
12.100000	0.003061
12.200000	0.002669
12.300000	0.002273
12.400000	0.001875
12.500000	0.001481
12.600000	0.001099
12.700000	0.000757
12.800000	0.000546
12.900000	0.000620
13.000000	0.000913
13.100000	0.001282
13.200000	0.001675
13.300000	0.002077
13.400000	0.002480
13.500000	0.002881
13.600000	0.003278
13.700000	0.003670
13.800000	0.004053
13.900000	0.004429
14.000000	0.004795
14.100000	0.005150
14.200000	0.005493
14.300000	0.005824
14.400000	0.006142
14.500000	0.006445
14.600000	0.006733
14.700000	0.007006
14.800000	0.007262
14.900000	0.007501
15.000000	0.007722
15.100000	0.007926
15.200000	0.008110
15.300000	0.008275
15.400000	0.008421
15.500000	0.008547
15.600000	0.008652
15.700000	0.008737
15.800000	0.008801
15.900000	0.008844
16.000000	0.008866
16.100000	0.008868
16.200000	0.008848
16.300000	0.008807
16.400000	0.008745
16.500000	0.008663
16.600000	0.008560
16.700000	0.008437
16.800000	0.008293
16.900000	0.008131
17.000000	0.007949
17.100000	0.007748
17.200000	0.007530
17.300000	0.007293
17.400000	0.007040
17.500000	0.006770
17.600000	0.006485
17.700000	0.006185
17.800000	0.005870
17.900000	0.005543
18.000000	0.005202
18.100000	0.004851
18.200000	0.004488
18.300000	0.004117
18.400000	0.003736
18.500000	0.003349
18.600000	0.002955
18.700000	0.002557
18.800000	0.002157
18.900000	0.001758
19.000000	0.001365
19.100000	0.000989
19.200000	0.000669
19.300000	0.000518
19.400000	0.000665
19.500000	0.000982
19.600000	0.001351
19.700000	0.001736
19.800000	0.002125
19.900000	0.002513
20.000000	0.002897
20.100000	0.003274
20.200000	0.003643
20.300000	0.004002
20.400000	0.004352
20.500000	0.004689
20.600000	0.005015
20.700000	0.005327
20.800000	0.005625
20.900000	0.005908
21.000000	0.006175
21.100000	0.006426
21.200000	0.006660
21.300000	0.006876
21.400000	0.007074
21.500000	0.007253
21.600000	0.007413
21.700000	0.007554
21.800000	0.007675
21.900000	0.007775
22.000000	0.007855
22.100000	0.007914
22.200000	0.007953
22.300000	0.007970
22.400000	0.007966
22.500000	0.007942
22.600000	0.007896
22.700000	0.007830
22.800000	0.007743
22.900000	0.007636
23.000000	0.007509
23.100000	0.007361
23.200000	0.007195
23.300000	0.007009
23.400000	0.006805
23.500000	0.006583
23.600000	0.006343
23.700000	0.006086
23.800000	0.005814
23.900000	0.005525
24.000000	0.005223
24.100000	0.004906
24.200000	0.004576
24.300000	0.004234
24.400000	0.003881
24.500000	0.003518
24.600000	0.003146
24.700000	0.002767
24.800000	0.002382
24.900000	0.001993
25.000000	0.001604
25.100000	0.001222
25.200000	0.000865
25.300000	0.000587
25.400000	0.000540
25.500000	0.000770
25.600000	0.001117
25.700000	0.001500
25.800000	0.001897
25.900000	0.002297
26.000000	0.000741
26.100000	0.000686
26.200000	0.000741
26.300000	0.000852
26.400000	0.000991
26.500000	0.001143
26.600000	0.001303
26.700000	0.001465
26.800000	0.001627
26.900000	0.001789
27.000000	0.001947
27.100000	0.002103
27.200000	0.002255
27.300000	0.002402
27.400000	0.002544
27.500000	0.002681
27.600000	0.002812
27.700000	0.002937
27.800000	0.003055
27.900000	0.003167
28.000000	0.003271
28.100000	0.003368
28.200000	0.003457
28.300000	0.003539
28.400000	0.003612
28.500000	0.003676
28.600000	0.003733
28.700000	0.003780
28.800000	0.003819
28.900000	0.003849
29.000000	0.003870
29.100000	0.003882
29.200000	0.003885
29.300000	0.003878
29.400000	0.003863
29.500000	0.003839
29.600000	0.003806
29.700000	0.003764
29.800000	0.003713
29.900000	0.003653
30.000000	0.003585
30.100000	0.003509
30.200000	0.003425
30.300000	0.003333
30.400000	0.003233
30.500000	0.003125
30.600000	0.003011
30.700000	0.002890
30.800000	0.002762
30.900000	0.002628
31.000000	0.002489
31.100000	0.002344
31.200000	0.002193
31.300000	0.002039
31.400000	0.001880
31.500000	0.001718
31.600000	0.001552
31.700000	0.001384
31.800000	0.001215
31.900000	0.001045
32.000000	0.000876
32.100000	0.000711
32.200000	0.000554
32.300000	0.000417
32.400000	0.000328
32.500000	0.000327
32.600000	0.000415
32.700000	0.000549
32.800000	0.000702
32.900000	0.000863
33.000000	0.001026
33.100000	0.001189
33.200000	0.001351
33.300000	0.001510
33.400000	0.001665
33.500000	0.001816
33.600000	0.001963
33.700000	0.002105
33.800000	0.002241
33.900000	0.002372
34.000000	0.002496
34.100000	0.002613
34.200000	0.002724
34.300000	0.002827
34.400000	0.002923
34.500000	0.003011
34.600000	0.003091
34.700000	0.003163
34.800000	0.003226
34.900000	0.003281
35.000000	0.003327
35.100000	0.003365
35.200000	0.003393
35.300000	0.003413
35.400000	0.003423
35.500000	0.003425
35.600000	0.003417
35.700000	0.003400
35.800000	0.003375
35.900000	0.003340
36.000000	0.003297
36.100000	0.003245
36.200000	0.003184
36.300000	0.003115
36.400000	0.003038
36.500000	0.002952
36.600000	0.002859
36.700000	0.002758
36.800000	0.002650
36.900000	0.002535
37.000000	0.002413
37.100000	0.002285
37.200000	0.002151
37.300000	0.002011
37.400000	0.001866
37.500000	0.001717
37.600000	0.001563
37.700000	0.001406
37.800000	0.001246
37.900000	0.001084
38.000000	0.000922
38.100000	0.000762
38.200000	0.000609
38.300000	0.000471
38.400000	0.000370
38.500000	0.000342
38.600000	0.000404
38.700000	0.000525
38.800000	0.000673
38.900000	0.000834
39.000000	0.001001
39.100000	0.001169
39.200000	0.001338
39.300000	0.001506
39.400000	0.001671
39.500000	0.001834
39.600000	0.001994
39.700000	0.002149
39.800000	0.002300
39.900000	0.002447
40.000000	0.002588
40.100000	0.002724
40.200000	0.002853
40.300000	0.002976
40.400000	0.003092
40.500000	0.003202
40.600000	0.003304
40.700000	0.003398
40.800000	0.003485
40.900000	0.003564
41.000000	0.003634
41.100000	0.003696
41.200000	0.003750
41.300000	0.003794
41.400000	0.003830
41.500000	0.003857
41.600000	0.003875
41.700000	0.003884
41.800000	0.003884
41.900000	0.003874
42.000000	0.003856
42.100000	0.003829
42.200000	0.003793
42.300000	0.003748
42.400000	0.003694
42.500000	0.003632
42.600000	0.003561
42.700000	0.003482
42.800000	0.003395
42.900000	0.003300
43.000000	0.003198
43.100000	0.003088
43.200000	0.002971
43.300000	0.002848
43.400000	0.002718
43.500000	0.002582
43.600000	0.002440
43.700000	0.002294
43.800000	0.002142
43.900000	0.001986
44.000000	0.001826
44.100000	0.001662
44.200000	0.001496
44.300000	0.001328
44.400000	0.001158
44.500000	0.000988
44.600000	0.000820
44.700000	0.000657
44.800000	0.000505
44.900000	0.000380
45.000000	0.000316
45.100000	0.000349
45.200000	0.000457
45.300000	0.000599
45.400000	0.000756
45.500000	0.000918
45.600000	0.001081
45.700000	0.001244
45.800000	0.001404
45.900000	0.001181
46.000000	0.001311
46.100000	0.001453
46.200000	0.001599
46.300000	0.001745
46.400000	0.001889
46.500000	0.002029
46.600000	0.002165
46.700000	0.002296
46.800000	0.002421
46.900000	0.002539
47.000000	0.002651
47.100000	0.002757
47.200000	0.002855
47.300000	0.002945
47.400000	0.003027
47.500000	0.003102
47.600000	0.003168
47.700000	0.003226
47.800000	0.003276
47.900000	0.003316
48.000000	0.003348
48.100000	0.003372
48.200000	0.003386
48.300000	0.003391
48.400000	0.003387
48.500000	0.003375
48.600000	0.003353
48.700000	0.003322
48.800000	0.003283
48.900000	0.003235
49.000000	0.003179
49.100000	0.003114
49.200000	0.003040
49.300000	0.002959
49.400000	0.002870
49.500000	0.002773
49.600000	0.002669
49.700000	0.002558
49.800000	0.002440
49.900000	0.002315
50.000000	0.002185
50.100000	0.002049
50.200000	0.001907
50.300000	0.001760
50.400000	0.001609
50.500000	0.001454
50.600000	0.001296
50.700000	0.001136
50.800000	0.000974
50.900000	0.000813
51.000000	0.000655
51.100000	0.000507
51.200000	0.000382
51.300000	0.000314
51.400000	0.000341
51.500000	0.000445
51.600000	0.000587
51.700000	0.000745
51.800000	0.000910
51.900000	0.001078
52.000000	0.001246
52.100000	0.001413
52.200000	0.001579
52.300000	0.001742
52.400000	0.001902
52.500000	0.002058
52.600000	0.002210
52.700000	0.002357
52.800000	0.002500
52.900000	0.002636
53.000000	0.002767
53.100000	0.002892
53.200000	0.003010
53.300000	0.003122
53.400000	0.003226
53.500000	0.003323
53.600000	0.003412
53.700000	0.003493
53.800000	0.003567
53.900000	0.003632
54.000000	0.003688
54.100000	0.003736
54.200000	0.003776
54.300000	0.003806
54.400000	0.003828
54.500000	0.003840
54.600000	0.003844
54.700000	0.003839
54.800000	0.003824
54.900000	0.003801
55.000000	0.003769
55.100000	0.003728
55.200000	0.003679
55.300000	0.003620
55.400000	0.003554
55.500000	0.003479
55.600000	0.003396
55.700000	0.003306
55.800000	0.003207
55.900000	0.003102
56.000000	0.002989
56.100000	0.002869
56.200000	0.002743
56.300000	0.002611
56.400000	0.002473
56.500000	0.002330
56.600000	0.002181
56.700000	0.002028
56.800000	0.001871
56.900000	0.001710
57.000000	0.001546
57.100000	0.001379
57.200000	0.001211
57.300000	0.001042
57.400000	0.000873
57.500000	0.000707
57.600000	0.000547
57.700000	0.000404
57.800000	0.000304
57.900000	0.000294
58.000000	0.000381
58.100000	0.000516
58.200000	0.000671
58.300000	0.000832
58.400000	0.000995
58.500000	0.001157
58.600000	0.001318
58.700000	0.001477
58.800000	0.001631
58.900000	0.001782
59.000000	0.001928
59.100000	0.002069
59.200000	0.002205
59.300000	0.002335
59.400000	0.002458
59.500000	0.002576
59.600000	0.002686
59.700000	0.002789
59.800000	0.002884
59.900000	0.002972
60.000000	0.003052
60.100000	0.003124
60.200000	0.003188
60.300000	0.003243
60.400000	0.003290
60.500000	0.003328
60.600000	0.003357
60.700000	0.003377
60.800000	0.003388
60.900000	0.003391
61.000000	0.003384
61.100000	0.003368
61.200000	0.003344
61.300000	0.003310
61.400000	0.003268
61.500000	0.003217
61.600000	0.003158
61.700000	0.003090
61.800000	0.003014
61.900000	0.002930
62.000000	0.002838
62.100000	0.002739
62.200000	0.002632
62.300000	0.002519
62.400000	0.002399
62.500000	0.002272
62.600000	0.002140
62.700000	0.002001
62.800000	0.001858
62.900000	0.001710
63.000000	0.001558
63.100000	0.001402
63.200000	0.001243
63.300000	0.001082
63.400000	0.000920
63.500000	0.000759
63.600000	0.000604
63.700000	0.000461
63.800000	0.000351
63.900000	0.000312
64.000000	0.000369
64.100000	0.000490
64.200000	0.000639
64.300000	0.000800
64.400000	0.000966
64.500000	0.001134
64.600000	0.001302
64.700000	0.001469
64.800000	0.001634
64.900000	0.001796
65.000000	0.001955
65.100000	0.002110
65.200000	0.002260
65.300000	0.002406
65.400000	0.002546
65.500000	0.002681
65.600000	0.002810
65.700000	0.002933
65.800000	0.003130
65.900000	0.003217
66.000000	0.003292
66.100000	0.003356
66.200000	0.003411
66.300000	0.003457
66.400000	0.003495
66.500000	0.003524
66.600000	0.003545
66.700000	0.003557
66.800000	0.003561
66.900000	0.003557
67.000000	0.003544
67.100000	0.003524
67.200000	0.003495
67.300000	0.003458
67.400000	0.003413
67.500000	0.003360
67.600000	0.003300
67.700000	0.003232
67.800000	0.003156
67.900000	0.003074
68.000000	0.002984
68.100000	0.002888
68.200000	0.002785
68.300000	0.002676
68.400000	0.002561
68.500000	0.002440
68.600000	0.002314
68.700000	0.002183
68.800000	0.002048
68.900000	0.001908
69.000000	0.001765
69.100000	0.001619
69.200000	0.001469
69.300000	0.001318
69.400000	0.001165
69.500000	0.001012
69.600000	0.000859
69.700000	0.000710
69.800000	0.000567
69.900000	0.000440
70.000000	0.000346
70.100000	0.000317
70.200000	0.000368
70.300000	0.000473
70.400000	0.000603
70.500000	0.000744
70.600000	0.000889
70.700000	0.001035
70.800000	0.001181
70.900000	0.001324
71.000000	0.001465
71.100000	0.001602
71.200000	0.001735
71.300000	0.001864
71.400000	0.001988
71.500000	0.002107
71.600000	0.002220
71.700000	0.002327
71.800000	0.002428
71.900000	0.002523
72.000000	0.002611
72.100000	0.002691
72.200000	0.002765
72.300000	0.002831
72.400000	0.002890
72.500000	0.002940
72.600000	0.002983
72.700000	0.003018
72.800000	0.003045
72.900000	0.003064
73.000000	0.003075
73.100000	0.003077
73.200000	0.003072
73.300000	0.003058
73.400000	0.003036
73.500000	0.003005
73.600000	0.002967
73.700000	0.002921
73.800000	0.002867
73.900000	0.002805
74.000000	0.002736
74.100000	0.002660
74.200000	0.002576
74.300000	0.002486
74.400000	0.002389
74.500000	0.002286
74.600000	0.002176
74.700000	0.002061
74.800000	0.001940
74.900000	0.001815
75.000000	0.001684
75.100000	0.001550
75.200000	0.001412
75.300000	0.001270
75.400000	0.001127
75.500000	0.000982
75.600000	0.000838
75.700000	0.000696
75.800000	0.000562
75.900000	0.000444
76.000000	0.000362
76.100000	0.000345
76.200000	0.000401
76.300000	0.000507
76.400000	0.000639
76.500000	0.000782
76.600000	0.000932
76.700000	0.001083
76.800000	0.001236
76.900000	0.001387
77.000000	0.001537
77.100000	0.001685
77.200000	0.001830
77.300000	0.001971
77.400000	0.002109
77.500000	0.002242
77.600000	0.002370
77.700000	0.002494
77.800000	0.002612
77.900000	0.002724
78.000000	0.002831
78.100000	0.002931
78.200000	0.003024
78.300000	0.003111
78.400000	0.003190
78.500000	0.003262
78.600000	0.003327
78.700000	0.003385
78.800000	0.003434
78.900000	0.003476
79.000000	0.003509
79.100000	0.003535
79.200000	0.003552
79.300000	0.003561
79.400000	0.003562
79.500000	0.003555
79.600000	0.003539
79.700000	0.003516
79.800000	0.003484
79.900000	0.003444
80.000000	0.003397
80.100000	0.003341
80.200000	0.003278
80.300000	0.003207
80.400000	0.003129
80.500000	0.003044
80.600000	0.002952
80.700000	0.002854
80.800000	0.002749
80.900000	0.002638
81.000000	0.002521
81.100000	0.002398
81.200000	0.002271
81.300000	0.002138
81.400000	0.002002
81.500000	0.001861
81.600000	0.001716
81.700000	0.001569
81.800000	0.001419
81.900000	0.001267
82.000000	0.001113
82.100000	0.000960
82.200000	0.000808
82.300000	0.000661
82.400000	0.000522
82.500000	0.000403
82.600000	0.000328
82.700000	0.000326
82.800000	0.000399
82.900000	0.000515
83.000000	0.000650
83.100000	0.000793
83.200000	0.000938
83.300000	0.001084
83.400000	0.001229
83.500000	0.001372
83.600000	0.001511
83.700000	0.001647
83.800000	0.001779
83.900000	0.001907
84.000000	0.002029
84.100000	0.002146
84.200000	0.002257
84.300000	0.002362
84.400000	0.002461
84.500000	0.002553
84.600000	0.002639
84.700000	0.002717
84.800000	0.002788
84.900000	0.002852
85.000000	0.002908
85.100000	0.002956
85.200000	0.002996
85.300000	0.003028
85.400000	0.003053
85.500000	0.003069
85.600000	0.003077
85.700000	0.002845
85.800000	0.002833
85.900000	0.002821
86.000000	0.002807
86.100000	0.002788
86.200000	0.002763
86.300000	0.002731
86.400000	0.002693
86.500000	0.002648
86.600000	0.002596
86.700000	0.002538
86.800000	0.002472
86.900000	0.002400
87.000000	0.002322
87.100000	0.002237
87.200000	0.002147
87.300000	0.002050
87.400000	0.001948
87.500000	0.001841
87.600000	0.001730
87.700000	0.001613
87.800000	0.001493
87.900000	0.001369
88.000000	0.001241
88.100000	0.001112
88.200000	0.000980
88.300000	0.000848
88.400000	0.000717
88.500000	0.000590
88.600000	0.000473
88.700000	0.000378
88.800000	0.000325
88.900000	0.000338
89.000000	0.000411
89.100000	0.000519
89.200000	0.000644
89.300000	0.000778
89.400000	0.000916
89.500000	0.001056
89.600000	0.001195
89.700000	0.001334
89.800000	0.001471
89.900000	0.001606
90.000000	0.001738
90.100000	0.001867
90.200000	0.001992
90.300000	0.002113
90.400000	0.002230
90.500000	0.002342
90.600000	0.002449
90.700000	0.002551
90.800000	0.002647
90.900000	0.002738
91.000000	0.002822
91.100000	0.002900
91.200000	0.002971
91.300000	0.003036
91.400000	0.003093
91.500000	0.003144
91.600000	0.003188
91.700000	0.003224
91.800000	0.003253
91.900000	0.003275
92.000000	0.003289
92.100000	0.003295
92.200000	0.003294
92.300000	0.003286
92.400000	0.003270
92.500000	0.003246
92.600000	0.003215
92.700000	0.003177
92.800000	0.003131
92.900000	0.003078
93.000000	0.003019
93.100000	0.002952
93.200000	0.002879
93.300000	0.002799
93.400000	0.002713
93.500000	0.002621
93.600000	0.002524
93.700000	0.002420
93.800000	0.002311
93.900000	0.002198
94.000000	0.002080
94.100000	0.001957
94.200000	0.001830
94.300000	0.001700
94.400000	0.001567
94.500000	0.001430
94.600000	0.001292
94.700000	0.001152
94.800000	0.001011
94.900000	0.000870
95.000000	0.000731
95.100000	0.000595
95.200000	0.000469
95.300000	0.000362
95.400000	0.000296
95.500000	0.000301
95.600000	0.000373
95.700000	0.000481
95.800000	0.000606
95.900000	0.000737
96.000000	0.000870
96.100000	0.001004
96.200000	0.001136
96.300000	0.001266
96.400000	0.001394
96.500000	0.001518
96.600000	0.001638
96.700000	0.001753
96.800000	0.001864
96.900000	0.001970
97.000000	0.002071
97.100000	0.002166
97.200000	0.002255
97.300000	0.002338
97.400000	0.002415
97.500000	0.002486
97.600000	0.002549
97.700000	0.002606
97.800000	0.002655
97.900000	0.002698
98.000000	0.002733
98.100000	0.002761
98.200000	0.002781
98.300000	0.002794
98.400000	0.002800
98.500000	0.002798
98.600000	0.002788
98.700000	0.002771
98.800000	0.002746
98.900000	0.002714
99.000000	0.002675
99.100000	0.002628
99.200000	0.002575
99.300000	0.002514
99.400000	0.002447
99.500000	0.002374
99.600000	0.002299
99.700000	0.002234
99.800000	0.002200
99.900000	0.002211
100.000000	0.002247
100.100000	0.002260
100.200000	0.002222
100.300000	0.002141
100.400000	0.002035
100.500000	0.001917
100.600000	0.001791
100.700000	0.001660
100.800000	0.001525
100.900000	0.001388
101.000000	0.001247
101.100000	0.001106
101.200000	0.000964
101.300000	0.000822
101.400000	0.000682
101.500000	0.000548
101.600000	0.000425
101.700000	0.000326
101.800000	0.000279
101.900000	0.000308
102.000000	0.000395
102.100000	0.000510
102.200000	0.000637
102.300000	0.000768
102.400000	0.000899
102.500000	0.001030
102.600000	0.001160
102.700000	0.001286
102.800000	0.001409
102.900000	0.001528
103.000000	0.001643
103.100000	0.001753
103.200000	0.001858
103.300000	0.001958
103.400000	0.002052
103.500000	0.002140
103.600000	0.002222
103.700000	0.002298
103.800000	0.002367
103.900000	0.002429
104.000000	0.002485
104.100000	0.002533
104.200000	0.002575
104.300000	0.002609
104.400000	0.002635
104.500000	0.002654
104.600000	0.002666
104.700000	0.002670
104.800000	0.002667
104.900000	0.002656
105.000000	0.002638
105.100000	0.002612
105.200000	0.002579
105.300000	0.002538
105.400000	0.002491
105.500000	0.002436
105.600000	0.001764
105.700000	0.001640
105.800000	0.001531
105.900000	0.001429
106.000000	0.001329
106.100000	0.001230
106.200000	0.001130
106.300000	0.001028
106.400000	0.000926
106.500000	0.000823
106.600000	0.000721
106.700000	0.000622
106.800000	0.000529
106.900000	0.000448
107.000000	0.000387
107.100000	0.000360
107.200000	0.000376
107.300000	0.000429
107.400000	0.000510
107.500000	0.000606
107.600000	0.000712
107.700000	0.000823
107.800000	0.000937
107.900000	0.001053
108.000000	0.001169
108.100000	0.001285
108.200000	0.001399
108.300000	0.001512
108.400000	0.001623
108.500000	0.001731
108.600000	0.001837
108.700000	0.001939
108.800000	0.002038
108.900000	0.002133
109.000000	0.002225
109.100000	0.002311
109.200000	0.002394
109.300000	0.002471
109.400000	0.002544
109.500000	0.002611
109.600000	0.002673
109.700000	0.002729
109.800000	0.002780
109.900000	0.002825
110.000000	0.002864
110.100000	0.002898
110.200000	0.002925
110.300000	0.002945
110.400000	0.002960
110.500000	0.002968
110.600000	0.002970
110.700000	0.002966
110.800000	0.002956
110.900000	0.002939
111.000000	0.002916
111.100000	0.002887
111.200000	0.002851
111.300000	0.002810
111.400000	0.002763
111.500000	0.002710
111.600000	0.002652
111.700000	0.002588
111.800000	0.002518
111.900000	0.002444
112.000000	0.002365
112.100000	0.002280
112.200000	0.002192
112.300000	0.002099
112.400000	0.002002
112.500000	0.001902
112.600000	0.001798
112.700000	0.001690
112.800000	0.001580
112.900000	0.001468
113.000000	0.001354
113.100000	0.001237
113.200000	0.001120
113.300000	0.001002
113.400000	0.000885
113.500000	0.000768
113.600000	0.000655
113.700000	0.000547
113.800000	0.000448
113.900000	0.000368
114.000000	0.000319
114.100000	0.000316
114.200000	0.000359
114.300000	0.000433
114.400000	0.000525
114.500000	0.000624
114.600000	0.000727
114.700000	0.000831
114.800000	0.000935
114.900000	0.001036
115.000000	0.001136
115.100000	0.001233
115.200000	0.001326
115.300000	0.001415
115.400000	0.001500
115.500000	0.001581
115.600000	0.001658
115.700000	0.001729
115.800000	0.001795
115.900000	0.001856
116.000000	0.001912
116.100000	0.001962
116.200000	0.002006
116.300000	0.002044
116.400000	0.002076
116.500000	0.002102
116.600000	0.002122
116.700000	0.002136
116.800000	0.002144
116.900000	0.002145
117.000000	0.002140
117.100000	0.002129
117.200000	0.002111
117.300000	0.002088
117.400000	0.002058
117.500000	0.002023
117.600000	0.001981
117.700000	0.001934
117.800000	0.001881
117.900000	0.001822
118.000000	0.001758
118.100000	0.001689
118.200000	0.001615
118.300000	0.001537
118.400000	0.001454
118.500000	0.001367
118.600000	0.001276
118.700000	0.001182
118.800000	0.001085
118.900000	0.000986
119.000000	0.000885
119.100000	0.000783
119.200000	0.000683
119.300000	0.000586
119.400000	0.000497
119.500000	0.000422
119.600000	0.000372
119.700000	0.000360
119.800000	0.000390
119.900000	0.000454
120.000000	0.000541
120.100000	0.000641
120.200000	0.000749
120.300000	0.000862
120.400000	0.000977
120.500000	0.001092
120.600000	0.001208
120.700000	0.001324
120.800000	0.001438
120.900000	0.001550
121.000000	0.001660
121.100000	0.001767
121.200000	0.001872
121.300000	0.001973
121.400000	0.002071
121.500000	0.002165
121.600000	0.002254
121.700000	0.002340
121.800000	0.002420
121.900000	0.002496
122.000000	0.002567
122.100000	0.002632
122.200000	0.002693
122.300000	0.002747
122.400000	0.002796
122.500000	0.002839
122.600000	0.002876
122.700000	0.002907
122.800000	0.002932
122.900000	0.002951
123.000000	0.002964
123.100000	0.002970
123.200000	0.002970
123.300000	0.002963
123.400000	0.002951
123.500000	0.002932
123.600000	0.002907
123.700000	0.002876
123.800000	0.002838
123.900000	0.002795
124.000000	0.002746
124.100000	0.002691
124.200000	0.002631
124.300000	0.002565
124.400000	0.002494
124.500000	0.002418
124.600000	0.002337
124.700000	0.002251
124.800000	0.002161
124.900000	0.002067
125.000000	0.001969
125.100000	0.001867
125.200000	0.001762
125.300000	0.001654
125.400000	0.001543
125.500000	0.001105
125.600000	0.000986
125.700000	0.000881
125.800000	0.000783
125.900000	0.000691
126.000000	0.000604
126.100000	0.000523
126.200000	0.000450
126.300000	0.000388
126.400000	0.000344
126.500000	0.000323
126.600000	0.000329
126.700000	0.000360
126.800000	0.000409
126.900000	0.000469
127.000000	0.000535
127.100000	0.000605
127.200000	0.000676
127.300000	0.000746
127.400000	0.000816
127.500000	0.000884
127.600000	0.000950
127.700000	0.001013
127.800000	0.001074
127.900000	0.001131
128.000000	0.001184
128.100000	0.001234
128.200000	0.001281
128.300000	0.001323
128.400000	0.001361
128.500000	0.001395
128.600000	0.001424
128.700000	0.001449
128.800000	0.001470
128.900000	0.001486
129.000000	0.001497
129.100000	0.001504
129.200000	0.001506
129.300000	0.001503
129.400000	0.001496
129.500000	0.001484
129.600000	0.001467
129.700000	0.001446
129.800000	0.001421
129.900000	0.001391
130.000000	0.001356
130.100000	0.001318
130.200000	0.001276
130.300000	0.001229
130.400000	0.001179
130.500000	0.001126
130.600000	0.001069
130.700000	0.001009
130.800000	0.000947
130.900000	0.000882
131.000000	0.000816
131.100000	0.000748
131.200000	0.000680
131.300000	0.000613
131.400000	0.000548
131.500000	0.000488
131.600000	0.000436
131.700000	0.000396
131.800000	0.000375
131.900000	0.000375
132.000000	0.000399
132.100000	0.000442
132.200000	0.000500
132.300000	0.000568
132.400000	0.000644
132.500000	0.000724
132.600000	0.000807
132.700000	0.000892
132.800000	0.000978
132.900000	0.001065
133.000000	0.001151
133.100000	0.001236
133.200000	0.001320
133.300000	0.001403
133.400000	0.001483
133.500000	0.001562
133.600000	0.001639
133.700000	0.001712
133.800000	0.001783
133.900000	0.001851
134.000000	0.001916
134.100000	0.001977
134.200000	0.002035
134.300000	0.002089
134.400000	0.002139
134.500000	0.002185
134.600000	0.002227
134.700000	0.002264
134.800000	0.002298
134.900000	0.002326
135.000000	0.002351
135.100000	0.002370
135.200000	0.002385
135.300000	0.002395
135.400000	0.002401
135.500000	0.002401
135.600000	0.002397
135.700000	0.002389
135.800000	0.002375
135.900000	0.002357
136.000000	0.002334
136.100000	0.002307
136.200000	0.002275
136.300000	0.002239
136.400000	0.002198
136.500000	0.002153
136.600000	0.002104
136.700000	0.002051
136.800000	0.001994
136.900000	0.001934
137.000000	0.001870
137.100000	0.001803
137.200000	0.001732
137.300000	0.001659
137.400000	0.001583
137.500000	0.001504
137.600000	0.001423
137.700000	0.001340
137.800000	0.001255
137.900000	0.001169
138.000000	0.001082
138.100000	0.000994
138.200000	0.000906
138.300000	0.000818
138.400000	0.000732
138.500000	0.000647
138.600000	0.000565
138.700000	0.000489
138.800000	0.000421
138.900000	0.000367
139.000000	0.000331
139.100000	0.000321
139.200000	0.000337
139.300000	0.000375
139.400000	0.000428
139.500000	0.000491
139.600000	0.000559
139.700000	0.000629
139.800000	0.000700
139.900000	0.000771
140.000000	0.000840
140.100000	0.000907
140.200000	0.000972
140.300000	0.001034
140.400000	0.001094
140.500000	0.001150
140.600000	0.001202
140.700000	0.001251
140.800000	0.001296
140.900000	0.001336
141.000000	0.001373
141.100000	0.001405
141.200000	0.001433
141.300000	0.001457
141.400000	0.001476
141.500000	0.001490
141.600000	0.001500
141.700000	0.001505
141.800000	0.001506
141.900000	0.001501
142.000000	0.001492
142.100000	0.001479
142.200000	0.001461
142.300000	0.001438
142.400000	0.001411
142.500000	0.001380
142.600000	0.001344
142.700000	0.001304
142.800000	0.001261
142.900000	0.001213
143.000000	0.001162
143.100000	0.001107
143.200000	0.001049
143.300000	0.000989
143.400000	0.000925
143.500000	0.000860
143.600000	0.000793
143.700000	0.000725
143.800000	0.000658
143.900000	0.000591
144.000000	0.000527
144.100000	0.000470
144.200000	0.000421
144.300000	0.000387
144.400000	0.000373
144.500000	0.000381
144.600000	0.000412
144.700000	0.000460
144.800000	0.000522
144.900000	0.000593
145.000000	0.000671
145.100000	0.000752
145.200000	0.000836
145.300000	0.000921
145.400000	0.000930
145.500000	0.001012
145.600000	0.001097
145.700000	0.001183
145.800000	0.001270
145.900000	0.001356
146.000000	0.001440
146.100000	0.001523
146.200000	0.001604
146.300000	0.001682
146.400000	0.001758
146.500000	0.001831
146.600000	0.001900
146.700000	0.001967
146.800000	0.002029
146.900000	0.002088
147.000000	0.002143
147.100000	0.002194
147.200000	0.002241
147.300000	0.002284
147.400000	0.002322
147.500000	0.002355
147.600000	0.002384
147.700000	0.002409
147.800000	0.002428
147.900000	0.002443
148.000000	0.002452
148.100000	0.002457
148.200000	0.002457
148.300000	0.002452
148.400000	0.002442
148.500000	0.002427
148.600000	0.002408
148.700000	0.002383
148.800000	0.002354
148.900000	0.002320
149.000000	0.002282
149.100000	0.002239
149.200000	0.002192
149.300000	0.002141
149.400000	0.002085
149.500000	0.002026
149.600000	0.001963
149.700000	0.001896
149.800000	0.001825
149.900000	0.001752
150.000000	0.001675
150.100000	0.001596
150.200000	0.001514
150.300000	0.001430
150.400000	0.001344
150.500000	0.001256
150.600000	0.001166
150.700000	0.001076
150.800000	0.000985
150.900000	0.000893
151.000000	0.000802
151.100000	0.000712
151.200000	0.000625
151.300000	0.000541
151.400000	0.000463
151.500000	0.000396
151.600000	0.000344
151.700000	0.000316
151.800000	0.000316
151.900000	0.000344
152.000000	0.000393
152.100000	0.000455
152.200000	0.000525
152.300000	0.000598
152.400000	0.000673
152.500000	0.000748
152.600000	0.000822
152.700000	0.000894
152.800000	0.000964
152.900000	0.001031
153.000000	0.001095
153.100000	0.001156
153.200000	0.001214
153.300000	0.001268
153.400000	0.001318
153.500000	0.001364
153.600000	0.001405
153.700000	0.001443
153.800000	0.001475
153.900000	0.001504
154.000000	0.001527
154.100000	0.001546
154.200000	0.001560
154.300000	0.001569
154.400000	0.001574
154.500000	0.001574
154.600000	0.001568
154.700000	0.001558
154.800000	0.001543
154.900000	0.001524
155.000000	0.001500
155.100000	0.001471
155.200000	0.001437
155.300000	0.001400
155.400000	0.001358
155.500000	0.001312
155.600000	0.001262
155.700000	0.001208
155.800000	0.001150
155.900000	0.001090
156.000000	0.001026
156.100000	0.000960
156.200000	0.000891
156.300000	0.000821
156.400000	0.000749
156.500000	0.000678
156.600000	0.000607
156.700000	0.000540
156.800000	0.000478
156.900000	0.000425
157.000000	0.000388
157.100000	0.000371
157.200000	0.000378
157.300000	0.000409
157.400000	0.000460
157.500000	0.000525
157.600000	0.000600
157.700000	0.000680
157.800000	0.000765
157.900000	0.000852
158.000000	0.000941
158.100000	0.001030
158.200000	0.001120
158.300000	0.001208
158.400000	0.001296
158.500000	0.001382
158.600000	0.001467
158.700000	0.001549
158.800000	0.001630
158.900000	0.001707
159.000000	0.001782
159.100000	0.001854
159.200000	0.001923
159.300000	0.001988
159.400000	0.002049
159.500000	0.002107
159.600000	0.002161
159.700000	0.002211
159.800000	0.002256
159.900000	0.002297
160.000000	0.002334
160.100000	0.002366
160.200000	0.002393
160.300000	0.002416
160.400000	0.002433
160.500000	0.002446
160.600000	0.002454
160.700000	0.002458
160.800000	0.002456
160.900000	0.002449
161.000000	0.002438
161.100000	0.002421
161.200000	0.002400
161.300000	0.002374
161.400000	0.002343
161.500000	0.002308
161.600000	0.002268
161.700000	0.002224
161.800000	0.002175
161.900000	0.002123
162.000000	0.002066
162.100000	0.002005
162.200000	0.001941
162.300000	0.001873
162.400000	0.001801
162.500000	0.001727
162.600000	0.001649
162.700000	0.001569
162.800000	0.001486
162.900000	0.001401
163.000000	0.001315
163.100000	0.001226
163.200000	0.001136
163.300000	0.001045
163.400000	0.000954
163.500000	0.000863
163.600000	0.000772
163.700000	0.000683
163.800000	0.000596
163.900000	0.000515
164.000000	0.000440
164.100000	0.000377
164.200000	0.000332
164.300000	0.000313
164.400000	0.000324
164.500000	0.000360
164.600000	0.000414
164.700000	0.000479
164.800000	0.000550
164.900000	0.000624
165.000000	0.000699
165.100000	0.000773
165.200000	0.000846
165.300000	0.001043
165.400000	0.001105
165.500000	0.001160
165.600000	0.001208
165.700000	0.001250
165.800000	0.001287
165.900000	0.001319
166.000000	0.001347
166.100000	0.001371
166.200000	0.001389
166.300000	0.001404
166.400000	0.001414
166.500000	0.001419
166.600000	0.001420
166.700000	0.001417
166.800000	0.001409
166.900000	0.001396
167.000000	0.001379
167.100000	0.001358
167.200000	0.001333
167.300000	0.001303
167.400000	0.001269
167.500000	0.001232
167.600000	0.001190
167.700000	0.001145
167.800000	0.001097
167.900000	0.001045
168.000000	0.000990
168.100000	0.000933
168.200000	0.000873
168.300000	0.000811
168.400000	0.000748
168.500000	0.000685
168.600000	0.000622
168.700000	0.000560
168.800000	0.000502
168.900000	0.000450
169.000000	0.000409
169.100000	0.000382
169.200000	0.000374
169.300000	0.000387
169.400000	0.000419
169.500000	0.000468
169.600000	0.000529
169.700000	0.000597
169.800000	0.000672
169.900000	0.000750
170.000000	0.000830
170.100000	0.000913
170.200000	0.000995
170.300000	0.001078
170.400000	0.001160
170.500000	0.001242
170.600000	0.001322
170.700000	0.001401
170.800000	0.001479
170.900000	0.001554
171.000000	0.001626
171.100000	0.001697
171.200000	0.001764
171.300000	0.001829
171.400000	0.001890
171.500000	0.001948
171.600000	0.002003
171.700000	0.002054
171.800000	0.002101
171.900000	0.002145
172.000000	0.002184
172.100000	0.002219
172.200000	0.002250
172.300000	0.002277
172.400000	0.002299
172.500000	0.002317
172.600000	0.002330
172.700000	0.002339
172.800000	0.002343
172.900000	0.002343
173.000000	0.002338
173.100000	0.002329
173.200000	0.002315
173.300000	0.002297
173.400000	0.002274
173.500000	0.002247
173.600000	0.002215
173.700000	0.002180
173.800000	0.002140
173.900000	0.002096
174.000000	0.002048
174.100000	0.001997
174.200000	0.001941
174.300000	0.001883
174.400000	0.001821
174.500000	0.001756
174.600000	0.001688
174.700000	0.001617
174.800000	0.001544
174.900000	0.001468
175.000000	0.001390
175.100000	0.001311
175.200000	0.001229
175.300000	0.001147
175.400000	0.001064
175.500000	0.000980
175.600000	0.000896
175.700000	0.000813
175.800000	0.000731
175.900000	0.000652
176.000000	0.000576
176.100000	0.000505
176.200000	0.000443
176.300000	0.000393
176.400000	0.000359
176.500000	0.000347
176.600000	0.000358
176.700000	0.000388
176.800000	0.000433
176.900000	0.000488
177.000000	0.000549
177.100000	0.000612
177.200000	0.000677
177.300000	0.000742
177.400000	0.000806
177.500000	0.000869
177.600000	0.000930
177.700000	0.000988
177.800000	0.001043
177.900000	0.001095
178.000000	0.001144
178.100000	0.001189
178.200000	0.001231
178.300000	0.001269
178.400000	0.001303
178.500000	0.001333
178.600000	0.001358
178.700000	0.001380
178.800000	0.001397
178.900000	0.001409
179.000000	0.001417
179.100000	0.001421
179.200000	0.001420
179.300000	0.001415
179.400000	0.001406
179.500000	0.001392
179.600000	0.001373
179.700000	0.001351
179.800000	0.001324
179.900000	0.001293
180.000000	0.001258
180.100000	0.001219
180.200000	0.001176
180.300000	0.001130
180.400000	0.001080
180.500000	0.001027
180.600000	0.000972
180.700000	0.000913
180.800000	0.000853
180.900000	0.000791
181.000000	0.000728
181.100000	0.000664
181.200000	0.000601
181.300000	0.000541
181.400000	0.000484
181.500000	0.000436
181.600000	0.000398
181.700000	0.000377
181.800000	0.000376
181.900000	0.000396
182.000000	0.000435
182.100000	0.000488
182.200000	0.000551
182.300000	0.000622
182.400000	0.000698
182.500000	0.000777
182.600000	0.000858
182.700000	0.000941
182.800000	0.001023
182.900000	0.001106
183.000000	0.001188
183.100000	0.001270
183.200000	0.001349
183.300000	0.001428
183.400000	0.001504
183.500000	0.001579
183.600000	0.001651
183.700000	0.001720
183.800000	0.001786
183.900000	0.001850
184.000000	0.001910
184.100000	0.001967
184.200000	0.002021
184.300000	0.002070
184.400000	0.002116
184.500000	0.002158
184.600000	0.002196
184.700000	0.002230
184.800000	0.002260
184.900000	0.002285
185.000000	0.002306
185.100000	0.002322
185.200000	0.002169
185.300000	0.002174
185.400000	0.002181
185.500000	0.002188
185.600000	0.002192
185.700000	0.002194
185.800000	0.002192
185.900000	0.002187
186.000000	0.002178
186.100000	0.002165
186.200000	0.002148
186.300000	0.002126
186.400000	0.002101
186.500000	0.002072
186.600000	0.002039
186.700000	0.002003
186.800000	0.001962
186.900000	0.001919
187.000000	0.001871
187.100000	0.001820
187.200000	0.001767
187.300000	0.001710
187.400000	0.001650
187.500000	0.001587
187.600000	0.001522
187.700000	0.001455
187.800000	0.001385
187.900000	0.001314
188.000000	0.001240
188.100000	0.001166
188.200000	0.001090
188.300000	0.001013
188.400000	0.000935
188.500000	0.000858
188.600000	0.000781
188.700000	0.000705
188.800000	0.000630
188.900000	0.000558
189.000000	0.000491
189.100000	0.000429
189.200000	0.000377
189.300000	0.000339
189.400000	0.000318
189.500000	0.000318
189.600000	0.000338
189.700000	0.000374
189.800000	0.000420
189.900000	0.000473
190.000000	0.000530
190.100000	0.000589
190.200000	0.000648
190.300000	0.000706
190.400000	0.000764
190.500000	0.000819
190.600000	0.000873
190.700000	0.000923
190.800000	0.000971
190.900000	0.001017
191.000000	0.001058
191.100000	0.001097
191.200000	0.001132
191.300000	0.001163
191.400000	0.001191
191.500000	0.001215
191.600000	0.001235
191.700000	0.001251
191.800000	0.001263
191.900000	0.001271
192.000000	0.001275
192.100000	0.001275
192.200000	0.001270
192.300000	0.001262
192.400000	0.001250
192.500000	0.001234
192.600000	0.001213
192.700000	0.001189
192.800000	0.001161
192.900000	0.001130
193.000000	0.001095
193.100000	0.001057
193.200000	0.001015
193.300000	0.000971
193.400000	0.000924
193.500000	0.000874
193.600000	0.000822
193.700000	0.000768
193.800000	0.000713
193.900000	0.000658
194.000000	0.000602
194.100000	0.000549
194.200000	0.000498
194.300000	0.000452
194.400000	0.000414
194.500000	0.000388
194.600000	0.000377
194.700000	0.000383
194.800000	0.000406
194.900000	0.000444
195.000000	0.000494
195.100000	0.000552
195.200000	0.000617
195.300000	0.000685
195.400000	0.000757
195.500000	0.000831
195.600000	0.000906
195.700000	0.000981
195.800000	0.001056
195.900000	0.001131
196.000000	0.001205
196.100000	0.001278
196.200000	0.001350
196.300000	0.001420
196.400000	0.001488
196.500000	0.001553
196.600000	0.001617
196.700000	0.001678
196.800000	0.001736
196.900000	0.001791
197.000000	0.001843
197.100000	0.001892
197.200000	0.001938
197.300000	0.001980
197.400000	0.002019
197.500000	0.002053
197.600000	0.002084
197.700000	0.002111
197.800000	0.002135
197.900000	0.002154
198.000000	0.002169
198.100000	0.002180
198.200000	0.002186
198.300000	0.002189
198.400000	0.002187
198.500000	0.002182
198.600000	0.002172
198.700000	0.002158
198.800000	0.002140
198.900000	0.002117
199.000000	0.002091
199.100000	0.002061
199.200000	0.002027
199.300000	0.001989
199.400000	0.001948
199.500000	0.001903
199.600000	0.001854
199.700000	0.001803
199.800000	0.001748
199.900000	0.001690
200.000000	0.001629
200.100000	0.001566
200.200000	0.001500
200.300000	0.001432
200.400000	0.001361
200.500000	0.001289
200.600000	0.001215
200.700000	0.001140
200.800000	0.001064
200.900000	0.000987
201.000000	0.000910
201.100000	0.000832
201.200000	0.000755
201.300000	0.000680
201.400000	0.000606
201.500000	0.000536
201.600000	0.000470
201.700000	0.000411
201.800000	0.000364
201.900000	0.000331
202.000000	0.000317
202.100000	0.000324
202.200000	0.000350
202.300000	0.000389
202.400000	0.000438
202.500000	0.000493
202.600000	0.000551
202.700000	0.000609
202.800000	0.000668
202.900000	0.000726
203.000000	0.000783
203.100000	0.000838
203.200000	0.000890
203.300000	0.000940
203.400000	0.000987
203.500000	0.001031
203.600000	0.001072
203.700000	0.001110
203.800000	0.001143
203.900000	0.001174
204.000000	0.001200
204.100000	0.001222
204.200000	0.001241
204.300000	0.001256
204.400000	0.001266
204.500000	0.001273
204.600000	0.001276
204.700000	0.001274
204.800000	0.001268
204.900000	0.001259
205.000000	0.001245
205.100000	0.001244
205.200000	0.001210
205.300000	0.001170
205.400000	0.001125
205.500000	0.001077
205.600000	0.001025
205.700000	0.000970
205.800000	0.000912
205.900000	0.000852
206.000000	0.000790
206.100000	0.000728
206.200000	0.000664
206.300000	0.000602
206.400000	0.000541
206.500000	0.000485
206.600000	0.000437
206.700000	0.000400
206.800000	0.000379
206.900000	0.000378
207.000000	0.000397
207.100000	0.000435
207.200000	0.000488
207.300000	0.000551
207.400000	0.000622
207.500000	0.000697
207.600000	0.000776
207.700000	0.000857
207.800000	0.000940
207.900000	0.001022
208.000000	0.001105
208.100000	0.001187
208.200000	0.001268
208.300000	0.001348
208.400000	0.001426
208.500000	0.001503
208.600000	0.001577
208.700000	0.001649
208.800000	0.001718
208.900000	0.001785
209.000000	0.001848
209.100000	0.001909
209.200000	0.001966
209.300000	0.002019
209.400000	0.002069
209.500000	0.002115
209.600000	0.002157
209.700000	0.002195
209.800000	0.002229
209.900000	0.002259
210.000000	0.002284
210.100000	0.002305
210.200000	0.002321
210.300000	0.002333
210.400000	0.002341
210.500000	0.002344
210.600000	0.002342
210.700000	0.002336
210.800000	0.002325
210.900000	0.002310
211.000000	0.002290
211.100000	0.002266
211.200000	0.002238
211.300000	0.002205
211.400000	0.002168
211.500000	0.002127
211.600000	0.002082
211.700000	0.002033
211.800000	0.001981
211.900000	0.001924
212.000000	0.001865
212.100000	0.001802
212.200000	0.001736
212.300000	0.001667
212.400000	0.001596
212.500000	0.001522
212.600000	0.001446
212.700000	0.001367
212.800000	0.001288
212.900000	0.001206
213.000000	0.001124
213.100000	0.001041
213.200000	0.000957
213.300000	0.000874
213.400000	0.000791
213.500000	0.000710
213.600000	0.000632
213.700000	0.000558
213.800000	0.000490
213.900000	0.000431
214.000000	0.000386
214.100000	0.000359
214.200000	0.000353
214.300000	0.000370
214.400000	0.000404
214.500000	0.000452
214.600000	0.000508
214.700000	0.000570
214.800000	0.000633
214.900000	0.000698
215.000000	0.000763
215.100000	0.000826
215.200000	0.000888
215.300000	0.000947
215.400000	0.001004
215.500000	0.001059
215.600000	0.001110
215.700000	0.001157
215.800000	0.001201
215.900000	0.001242
216.000000	0.001278
216.100000	0.001311
216.200000	0.001339
216.300000	0.001364
216.400000	0.001384
216.500000	0.001399
216.600000	0.001410
216.700000	0.001417
216.800000	0.001420
216.900000	0.001417
217.000000	0.001411
217.100000	0.001400
217.200000	0.001385
217.300000	0.001365
217.400000	0.001341
217.500000	0.001313
217.600000	0.001281
217.700000	0.001244
217.800000	0.001204
217.900000	0.001161
218.000000	0.001113
218.100000	0.001063
218.200000	0.001009
218.300000	0.000953
218.400000	0.000894
218.500000	0.000833
218.600000	0.000771
218.700000	0.000708
218.800000	0.000644
218.900000	0.000582
219.000000	0.000523
219.100000	0.000469
219.200000	0.000424
219.300000	0.000392
219.400000	0.000377
219.500000	0.000383
219.600000	0.000409
219.700000	0.000453
219.800000	0.000509
219.900000	0.000575
220.000000	0.000647
220.100000	0.000724
220.200000	0.000804
220.300000	0.000885
220.400000	0.000968
220.500000	0.001050
220.600000	0.001133
220.700000	0.001215
220.800000	0.001295
220.900000	0.001375
221.000000	0.001452
221.100000	0.001528
221.200000	0.001602
221.300000	0.001673
221.400000	0.001741
221.500000	0.001807
221.600000	0.001869
221.700000	0.001929
221.800000	0.001984
221.900000	0.002037
222.000000	0.002085
222.100000	0.002130
222.200000	0.002171
222.300000	0.002207
222.400000	0.002240
222.500000	0.002268
222.600000	0.002292
222.700000	0.002311
222.800000	0.002326
222.900000	0.002337
223.000000	0.002342
223.100000	0.002344
223.200000	0.002341
223.300000	0.002333
223.400000	0.002321
223.500000	0.002304
223.600000	0.002283
223.700000	0.002257
223.800000	0.002227
223.900000	0.002193
224.000000	0.002155
224.100000	0.002113
224.200000	0.002066
224.300000	0.002016
224.400000	0.001962
224.500000	0.001905
224.600000	0.001844
224.700000	0.001780
224.800000	0.001714
224.900000	0.001644
225.000000	0.001564
225.100000	0.001501
225.200000	0.001437
225.300000	0.001371
225.400000	0.001304
225.500000	0.001235
225.600000	0.001166
225.700000	0.001095
225.800000	0.001023
225.900000	0.000951
226.000000	0.000879
226.100000	0.000807
226.200000	0.000736
226.300000	0.000666
226.400000	0.000598
226.500000	0.000533
226.600000	0.000474
226.700000	0.000421
226.800000	0.000377
226.900000	0.000347
227.000000	0.000332
227.100000	0.000335
227.200000	0.000354
227.300000	0.000386
227.400000	0.000427
227.500000	0.000474
227.600000	0.000524
227.700000	0.000576
227.800000	0.000629
227.900000	0.000681
228.000000	0.000732
228.100000	0.000781
228.200000	0.000828
228.300000	0.000873
228.400000	0.000916
228.500000	0.000955
228.600000	0.000992
228.700000	0.001025
228.800000	0.001056
228.900000	0.001082
229.000000	0.001106
229.100000	0.001125
229.200000	0.001141
229.300000	0.001154
229.400000	0.001162
229.500000	0.001167
229.600000	0.001168
229.700000	0.001165
229.800000	0.001159
229.900000	0.001149
230.000000	0.001135
230.100000	0.001117
230.200000	0.001096
230.300000	0.001071
230.400000	0.001043
230.500000	0.001012
230.600000	0.000977
230.700000	0.000940
230.800000	0.000900
230.900000	0.000857
231.000000	0.000812
231.100000	0.000765
231.200000	0.000717
231.300000	0.000668
231.400000	0.000618
231.500000	0.000569
231.600000	0.000521
231.700000	0.000477
231.800000	0.000438
231.900000	0.000407
232.000000	0.000387
232.100000	0.000381
232.200000	0.000389
232.300000	0.000412
232.400000	0.000447
232.500000	0.000493
232.600000	0.000547
232.700000	0.000607
232.800000	0.000670
232.900000	0.000737
233.000000	0.000805
233.100000	0.000875
233.200000	0.000945
233.300000	0.001016
233.400000	0.001086
233.500000	0.001156
233.600000	0.001224
233.700000	0.001292
233.800000	0.001358
233.900000	0.001422
234.000000	0.001484
234.100000	0.001544
234.200000	0.001602
234.300000	0.001657
234.400000	0.001710
234.500000	0.001760
234.600000	0.001807
234.700000	0.001850
234.800000	0.001891
234.900000	0.001928
235.000000	0.001962
235.100000	0.001992
235.200000	0.002019
235.300000	0.002042
235.400000	0.002061
235.500000	0.002076
235.600000	0.002088
235.700000	0.002095
235.800000	0.002099
235.900000	0.002099
236.000000	0.002095
236.100000	0.002087
236.200000	0.002075
236.300000	0.002059
236.400000	0.002039
236.500000	0.002016
236.600000	0.001989
236.700000	0.001958
236.800000	0.001924
236.900000	0.001886
237.000000	0.001845
237.100000	0.001801
237.200000	0.001753
237.300000	0.001703
237.400000	0.001650
237.500000	0.001594
237.600000	0.001535
237.700000	0.001474
237.800000	0.001411
237.900000	0.001346
238.000000	0.001279
238.100000	0.001211
238.200000	0.001141
238.300000	0.001070
238.400000	0.000999
238.500000	0.000927
238.600000	0.000855
238.700000	0.000783
238.800000	0.000712
238.900000	0.000643
239.000000	0.000576
239.100000	0.000513
239.200000	0.000456
239.300000	0.000406
239.400000	0.000367
239.500000	0.000341
239.600000	0.000333
239.700000	0.000341
239.800000	0.000365
239.900000	0.000400
240.000000	0.000443
240.100000	0.000491
240.200000	0.000542
240.300000	0.000595
240.400000	0.000647
240.500000	0.000699
240.600000	0.000749
240.700000	0.000798
240.800000	0.000844
240.900000	0.000888
241.000000	0.000930
241.100000	0.000969
241.200000	0.001004
241.300000	0.001036
241.400000	0.001065
241.500000	0.001091
241.600000	0.001113
241.700000	0.001132
241.800000	0.001146
241.900000	0.001157
242.000000	0.001165
242.100000	0.001168
242.200000	0.001168
242.300000	0.001164
242.400000	0.001156
242.500000	0.001145
242.600000	0.001130
242.700000	0.001111
242.800000	0.001088
242.900000	0.001063
243.000000	0.001033
243.100000	0.001001
243.200000	0.000966
243.300000	0.000927
243.400000	0.000886
243.500000	0.000843
243.600000	0.000797
243.700000	0.000750
243.800000	0.000701
243.900000	0.000652
244.000000	0.000602
244.100000	0.000553
244.200000	0.000507
244.300000	0.000464
244.400000	0.000428
244.500000	0.000400
244.600000	0.000385
244.700000	0.000383
244.800000	0.000396
244.900000	0.000404
245.000000	0.000434
245.100000	0.000482
245.200000	0.000542
245.300000	0.000611
245.400000	0.000686
245.500000	0.000765
245.600000	0.000847
245.700000	0.000931
245.800000	0.001015
245.900000	0.001099
246.000000	0.001183
246.100000	0.001266
246.200000	0.001348
246.300000	0.001428
246.400000	0.001507
246.500000	0.001583
246.600000	0.001657
246.700000	0.001728
246.800000	0.001797
246.900000	0.001862
247.000000	0.001925
247.100000	0.001983
247.200000	0.002039
247.300000	0.002090
247.400000	0.002138
247.500000	0.002181
247.600000	0.002221
247.700000	0.002256
247.800000	0.002287
247.900000	0.002314
248.000000	0.002336
248.100000	0.002353
248.200000	0.002366
248.300000	0.002374
248.400000	0.002378
248.500000	0.002377
248.600000	0.002371
248.700000	0.002361
248.800000	0.002346
248.900000	0.002326
249.000000	0.002302
249.100000	0.002273
249.200000	0.002240
249.300000	0.002203
249.400000	0.002162
249.500000	0.002116
249.600000	0.002066
249.700000	0.002013
249.800000	0.001956
249.900000	0.001895
250.000000	0.001831
250.100000	0.001764
250.200000	0.001694
250.300000	0.001621
250.400000	0.001545
250.500000	0.001467
250.600000	0.001387
250.700000	0.001305
250.800000	0.001222
250.900000	0.001137
251.000000	0.001052
251.100000	0.000966
251.200000	0.000880
251.300000	0.000795
251.400000	0.000711
251.500000	0.000630
251.600000	0.000553
251.700000	0.000483
251.800000	0.000422
251.900000	0.000375
252.000000	0.000348
252.100000	0.000344
252.200000	0.000364
252.300000	0.000403
252.400000	0.000455
252.500000	0.000515
252.600000	0.000580
252.700000	0.000647
252.800000	0.000715
252.900000	0.000783
253.000000	0.000849
253.100000	0.000914
253.200000	0.000976
253.300000	0.001035
253.400000	0.001092
253.500000	0.001145
253.600000	0.001194
253.700000	0.001241
253.800000	0.001283
253.900000	0.001321
254.000000	0.001355
254.100000	0.001385
254.200000	0.001411
254.300000	0.001432
254.400000	0.001449
254.500000	0.001461
254.600000	0.001469
254.700000	0.001472
254.800000	0.001471
254.900000	0.001465
255.000000	0.001454
255.100000	0.001439
255.200000	0.001420
255.300000	0.001396
255.400000	0.001367
255.500000	0.001335
255.600000	0.001298
255.700000	0.001258
255.800000	0.001214
255.900000	0.001166
256.000000	0.001114
256.100000	0.001060
256.200000	0.001002
256.300000	0.000942
256.400000	0.000880
256.500000	0.000815
256.600000	0.000750
256.700000	0.000684
256.800000	0.000620
256.900000	0.000557
257.000000	0.000499
257.100000	0.000448
257.200000	0.000409
257.300000	0.000387
257.400000	0.000385
257.500000	0.000404
257.600000	0.000443
257.700000	0.000496
257.800000	0.000561
257.900000	0.000633
258.000000	0.000711
258.100000	0.000791
258.200000	0.000874
258.300000	0.000958
258.400000	0.001043
258.500000	0.001127
258.600000	0.001211
258.700000	0.001294
258.800000	0.001375
258.900000	0.001455
259.000000	0.001533
259.100000	0.001608
259.200000	0.001681
259.300000	0.001752
259.400000	0.001819
259.500000	0.001884
259.600000	0.001945
259.700000	0.002003
259.800000	0.002057
259.900000	0.002107
260.000000	0.002153
260.100000	0.002195
260.200000	0.002233
260.300000	0.002267
260.400000	0.002297
260.500000	0.002322
260.600000	0.002342
260.700000	0.002358
260.800000	0.002369
260.900000	0.002376
261.000000	0.002378
261.100000	0.002376
261.200000	0.002368
261.300000	0.002356
261.400000	0.002340
261.500000	0.002319
261.600000	0.002293
261.700000	0.002263
261.800000	0.002229
261.900000	0.002190
262.000000	0.002147
262.100000	0.002100
262.200000	0.002049
262.300000	0.001994
262.400000	0.001936
262.500000	0.001874
262.600000	0.001809
262.700000	0.001741
262.800000	0.001670
262.900000	0.001596
263.000000	0.001520
263.100000	0.001441
263.200000	0.001360
263.300000	0.001278
263.400000	0.001194
263.500000	0.001109
263.600000	0.001023
263.700000	0.000938
263.800000	0.000852
263.900000	0.000767
264.000000	0.000685
264.100000	0.000605
264.200000	0.000530
264.300000	0.000462
264.400000	0.000405
264.500000	0.000365
264.600000	0.000345
264.700000	0.000350
264.800000	0.000418
264.900000	0.000469
265.000000	0.000524
265.100000	0.000580
265.200000	0.000637
265.300000	0.000693
265.400000	0.000747
265.500000	0.000801
265.600000	0.000852
265.700000	0.000901
265.800000	0.000948
265.900000	0.000991
266.000000	0.001032
266.100000	0.001069
266.200000	0.001103
266.300000	0.001134
266.400000	0.001160
266.500000	0.001184
266.600000	0.001203
266.700000	0.001218
266.800000	0.001230
266.900000	0.001238
267.000000	0.001241
267.100000	0.001241
267.200000	0.001237
267.300000	0.001229
267.400000	0.001216
267.500000	0.001200
267.600000	0.001180
267.700000	0.001157
267.800000	0.001130
267.900000	0.001099
268.000000	0.001064
268.100000	0.001027
268.200000	0.000986
268.300000	0.000943
268.400000	0.000896
268.500000	0.000848
268.600000	0.000797
268.700000	0.000745
268.800000	0.000692
268.900000	0.000638
269.000000	0.000585
269.100000	0.000533
269.200000	0.000485
269.300000	0.000443
269.400000	0.000409
269.500000	0.000387
269.600000	0.000380
269.700000	0.000390
269.800000	0.000416
269.900000	0.000455
270.000000	0.000506
270.100000	0.000564
270.200000	0.000628
270.300000	0.000696
270.400000	0.000767
270.500000	0.000839
270.600000	0.000913
270.700000	0.000987
270.800000	0.001061
270.900000	0.001135
271.000000	0.001208
271.100000	0.001280
271.200000	0.001351
271.300000	0.001419
271.400000	0.001486
271.500000	0.001551
271.600000	0.001614
271.700000	0.001674
271.800000	0.001731
271.900000	0.001786
272.000000	0.001837
272.100000	0.001886
272.200000	0.001931
272.300000	0.001972
272.400000	0.002010
272.500000	0.002045
272.600000	0.002076
272.700000	0.002103
272.800000	0.002126
272.900000	0.002145
273.000000	0.002160
273.100000	0.002171
273.200000	0.002177
273.300000	0.002180
273.400000	0.002179
273.500000	0.002174
273.600000	0.002164
273.700000	0.002150
273.800000	0.002133
273.900000	0.002111
274.000000	0.002086
274.100000	0.002056
274.200000	0.002023
274.300000	0.001986
274.400000	0.001946
274.500000	0.001902
274.600000	0.001855
274.700000	0.001804
274.800000	0.001751
274.900000	0.001694
275.000000	0.001635
275.100000	0.001573
275.200000	0.001509
275.300000	0.001442
275.400000	0.001374
275.500000	0.001303
275.600000	0.001231
275.700000	0.001158
275.800000	0.001084
275.900000	0.001009
276.000000	0.000934
276.100000	0.000860
276.200000	0.000785
276.300000	0.000713
276.400000	0.000642
276.500000	0.000575
276.600000	0.000512
276.700000	0.000456
276.800000	0.000410
276.900000	0.000377
277.000000	0.000360
277.100000	0.000360
277.200000	0.000378
277.300000	0.000409
277.400000	0.000450
277.500000	0.000498
277.600000	0.000550
277.700000	0.000605
277.800000	0.000660
277.900000	0.000714
278.000000	0.000768
278.100000	0.000820
278.200000	0.000871
278.300000	0.000919
278.400000	0.000964
278.500000	0.001006
278.600000	0.001046
278.700000	0.001082
278.800000	0.001115
278.900000	0.001144
279.000000	0.001169
279.100000	0.001191
279.200000	0.001209
279.300000	0.001223
279.400000	0.001234
279.500000	0.001240
279.600000	0.001242
279.700000	0.001241
279.800000	0.001235
279.900000	0.001225
280.000000	0.001212
280.100000	0.001195
280.200000	0.001173
280.300000	0.001149
280.400000	0.001120
280.500000	0.001088
280.600000	0.001053
280.700000	0.001014
280.800000	0.000973
280.900000	0.000928
281.000000	0.000881
281.100000	0.000832
281.200000	0.000781
281.300000	0.000728
281.400000	0.000675
281.500000	0.000621
281.600000	0.000568
281.700000	0.000518
281.800000	0.000472
281.900000	0.000432
282.000000	0.000402
282.100000	0.000385
282.200000	0.000383
282.300000	0.000399
282.400000	0.000429
282.500000	0.000472
282.600000	0.000525
282.700000	0.000586
282.800000	0.000651
282.900000	0.000720
283.000000	0.000792
283.100000	0.000865
283.200000	0.000939
283.300000	0.001013
283.400000	0.001087
283.500000	0.001160
283.600000	0.001233
283.700000	0.001304
283.800000	0.001374
283.900000	0.001443
284.000000	0.001509
284.100000	0.001573
284.200000	0.001635
284.300000	0.001694
284.400000	0.001750
284.500000	0.001804
284.600000	0.001854
284.700000	0.001782
284.800000	0.001829
284.900000	0.001878
285.000000	0.001927
285.100000	0.001974
285.200000	0.002019
285.300000	0.002060
285.400000	0.002098
285.500000	0.002132
285.600000	0.002163
285.700000	0.002189
285.800000	0.002212
285.900000	0.002230
286.000000	0.002244
286.100000	0.002254
286.200000	0.002259
286.300000	0.002260
286.400000	0.002257
286.500000	0.002250
286.600000	0.002238
286.700000	0.002221
286.800000	0.002201
286.900000	0.002176
287.000000	0.002147
287.100000	0.002114
287.200000	0.002077
287.300000	0.002037
287.400000	0.001992
287.500000	0.001944
287.600000	0.001892
287.700000	0.001837
287.800000	0.001779
287.900000	0.001717
288.000000	0.001653
288.100000	0.001586
288.200000	0.001516
288.300000	0.001444
288.400000	0.001370
288.500000	0.001294
288.600000	0.001217
288.700000	0.001138
288.800000	0.001059
288.900000	0.000978
289.000000	0.000898
289.100000	0.000818
289.200000	0.000738
289.300000	0.000661
289.400000	0.000586
289.500000	0.000515
289.600000	0.000451
289.700000	0.000397
289.800000	0.000356
289.900000	0.000334
290.000000	0.000334
290.100000	0.000354
290.200000	0.000392
290.300000	0.000440
290.400000	0.000496
290.500000	0.000556
290.600000	0.000617
290.700000	0.000680
290.800000	0.000741
290.900000	0.000802
291.000000	0.000861
291.100000	0.000917
291.200000	0.000971
291.300000	0.001022
291.400000	0.001070
291.500000	0.001115
291.600000	0.001157
291.700000	0.001194
291.800000	0.001228
291.900000	0.001258
292.000000	0.001284
292.100000	0.001306
292.200000	0.001324
292.300000	0.001338
292.400000	0.001348
292.500000	0.001353
292.600000	0.001354
292.700000	0.001351
292.800000	0.001343
292.900000	0.001331
293.000000	0.001316
293.100000	0.001296
293.200000	0.001272
293.300000	0.001244
293.400000	0.001212
293.500000	0.001176
293.600000	0.001137
293.700000	0.001094
293.800000	0.001049
293.900000	0.001000
294.000000	0.000948
294.100000	0.000894
294.200000	0.000838
294.300000	0.000780
294.400000	0.000721
294.500000	0.000662
294.600000	0.000604
294.700000	0.000548
294.800000	0.000495
294.900000	0.000450
295.000000	0.000414
295.100000	0.000392
295.200000	0.000388
295.300000	0.000402
295.400000	0.000433
295.500000	0.000479
295.600000	0.000535
295.700000	0.000600
295.800000	0.000670
295.900000	0.000743
296.000000	0.000819
296.100000	0.000897
296.200000	0.000975
296.300000	0.001054
296.400000	0.001132
296.500000	0.001210
296.600000	0.001286
296.700000	0.001361
296.800000	0.001435
296.900000	0.001506
297.000000	0.001576
297.100000	0.001643
297.200000	0.001707
297.300000	0.001769
297.400000	0.001827
297.500000	0.001883
297.600000	0.001935
297.700000	0.001984
297.800000	0.002029
297.900000	0.002070
298.000000	0.002108
298.100000	0.002141
298.200000	0.002171
298.300000	0.002196
298.400000	0.002218
298.500000	0.002235
298.600000	0.002248
298.700000	0.002256
298.800000	0.002260
298.900000	0.002260
299.000000	0.002255
299.100000	0.002246
299.200000	0.002233
299.300000	0.002215
299.400000	0.002193
299.500000	0.002167
299.600000	0.002137
299.700000	0.002103
299.800000	0.002064
299.900000	0.002022
300.000000	0.001977
300.100000	0.001927
300.200000	0.001874
300.300000	0.001818
300.400000	0.001759
300.500000	0.001696
300.600000	0.001631
300.700000	0.001563
300.800000	0.001493
300.900000	0.001420
301.000000	0.001345
301.100000	0.001269
301.200000	0.001191
301.300000	0.001112
301.400000	0.001032
301.500000	0.000952
301.600000	0.000871
301.700000	0.000792
301.800000	0.000713
301.900000	0.000636
302.000000	0.000563
302.100000	0.000494
302.200000	0.000433
302.300000	0.000383
302.400000	0.000348
302.500000	0.000334
302.600000	0.000341
302.700000	0.000367
302.800000	0.000408
302.900000	0.000460
303.000000	0.000517
303.100000	0.000577
303.200000	0.000639
303.300000	0.000701
303.400000	0.000763
303.500000	0.000823
303.600000	0.000881
303.700000	0.000936
303.800000	0.000989
303.900000	0.001040
304.000000	0.001086
304.100000	0.001130
304.200000	0.001170
304.300000	0.001207
304.400000	0.001239
304.500000	0.001268
304.600000	0.001378
304.700000	0.001391
304.800000	0.001396
304.900000	0.001395
305.000000	0.001388
305.100000	0.001376
305.200000	0.001359
305.300000	0.001337
305.400000	0.001311
305.500000	0.001281
305.600000	0.001247
305.700000	0.001209
305.800000	0.001167
305.900000	0.001121
306.000000	0.001073
306.100000	0.001021
306.200000	0.000966
306.300000	0.000909
306.400000	0.000850
306.500000	0.000789
306.600000	0.000727
306.700000	0.000665
306.800000	0.000604
306.900000	0.000545
307.000000	0.000491
307.100000	0.000444
307.200000	0.000409
307.300000	0.000389
307.400000	0.000389
307.500000	0.000408
307.600000	0.000445
307.700000	0.000497
307.800000	0.000559
307.900000	0.000628
308.000000	0.000702
308.100000	0.000780
308.200000	0.000860
308.300000	0.000941
308.400000	0.001023
308.500000	0.001104
308.600000	0.001186
308.700000	0.001266
308.800000	0.001345
308.900000	0.001423
309.000000	0.001499
309.100000	0.001572
309.200000	0.001644
309.300000	0.001712
309.400000	0.001779
309.500000	0.001842
309.600000	0.001902
309.700000	0.001958
309.800000	0.002011
309.900000	0.002061
310.000000	0.002106
310.100000	0.002148
310.200000	0.002186
310.300000	0.002220
310.400000	0.002249
310.500000	0.002274
310.600000	0.002295
310.700000	0.002312
310.800000	0.002324
310.900000	0.002331
311.000000	0.002334
311.100000	0.002333
311.200000	0.002327
311.300000	0.002316
311.400000	0.002301
311.500000	0.002282
311.600000	0.002258
311.700000	0.002230
311.800000	0.002197
311.900000	0.002161
312.000000	0.002120
312.100000	0.002076
312.200000	0.002028
312.300000	0.001976
312.400000	0.001920
312.500000	0.001861
312.600000	0.001799
312.700000	0.001734
312.800000	0.001665
312.900000	0.001595
313.000000	0.001522
313.100000	0.001446
313.200000	0.001369
313.300000	0.001290
313.400000	0.001209
313.500000	0.001128
313.600000	0.001046
313.700000	0.000963
313.800000	0.000881
313.900000	0.000800
314.000000	0.000720
314.100000	0.000643
314.200000	0.000570
314.300000	0.000504
314.400000	0.000447
314.500000	0.000402
314.600000	0.000375
314.700000	0.000368
314.800000	0.000382
314.900000	0.000414
315.000000	0.000459
315.100000	0.000512
315.200000	0.000571
315.300000	0.000633
315.400000	0.000696
315.500000	0.000759
315.600000	0.000822
315.700000	0.000882
315.800000	0.000941
315.900000	0.000997
316.000000	0.001051
316.100000	0.001101
316.200000	0.001148
316.300000	0.001192
316.400000	0.001232
316.500000	0.001268
316.600000	0.001301
316.700000	0.001329
316.800000	0.001353
316.900000	0.001373
317.000000	0.001388
317.100000	0.001399
317.200000	0.001406
317.300000	0.001409
317.400000	0.001407
317.500000	0.001400
317.600000	0.001389
317.700000	0.001374
317.800000	0.001355
317.900000	0.001331
318.000000	0.001303
318.100000	0.001272
318.200000	0.001236
318.300000	0.001196
318.400000	0.001153
318.500000	0.001107
318.600000	0.001057
318.700000	0.001004
318.800000	0.000948
318.900000	0.000890
319.000000	0.000831
319.100000	0.000769
319.200000	0.000707
319.300000	0.000645
319.400000	0.000585
319.500000	0.000527
319.600000	0.000475
319.700000	0.000432
319.800000	0.000402
319.900000	0.000388
320.000000	0.000395
320.100000	0.000420
320.200000	0.000463
320.300000	0.000518
320.400000	0.000583
320.500000	0.000654
320.600000	0.000729
320.700000	0.000808
320.800000	0.000888
320.900000	0.000969
321.000000	0.001051
321.100000	0.001132
321.200000	0.001213
321.300000	0.001293
321.400000	0.001372
321.500000	0.001449
321.600000	0.001524
321.700000	0.001597
321.800000	0.001668
321.900000	0.001735
322.000000	0.001800
322.100000	0.001862
322.200000	0.001921
322.300000	0.001977
322.400000	0.002029
322.500000	0.002077
322.600000	0.002121
322.700000	0.002162
322.800000	0.002198
322.900000	0.002230
323.000000	0.002258
323.100000	0.002282
323.200000	0.002302
323.300000	0.002317
323.400000	0.002327
323.500000	0.002333
323.600000	0.002334
323.700000	0.002331
323.800000	0.002324
323.900000	0.002312
324.000000	0.002295
324.100000	0.002275
324.200000	0.002249
324.300000	0.002220
324.400000	0.002186
324.500000	0.002067
324.600000	0.002031
324.700000	0.001996
324.800000	0.001959
324.900000	0.001919
325.000000	0.001877
325.100000	0.001832
325.200000	0.001784
325.300000	0.001733
325.400000	0.001680
325.500000	0.001624
325.600000	0.001565
325.700000	0.001503
325.800000	0.001440
325.900000	0.001374
326.000000	0.001307
326.100000	0.001238
326.200000	0.001168
326.300000	0.001096
326.400000	0.001024
326.500000	0.000951
326.600000	0.000878
326.700000	0.000806
326.800000	0.000734
326.900000	0.000664
327.000000	0.000596
327.100000	0.000532
327.200000	0.000473
327.300000	0.000421
327.400000	0.000380
327.500000	0.000353
327.600000	0.000342
327.700000	0.000349
327.800000	0.000371
327.900000	0.000405
328.000000	0.000448
328.100000	0.000496
328.200000	0.000548
328.300000	0.000600
328.400000	0.000654
328.500000	0.000706
328.600000	0.000758
328.700000	0.000808
328.800000	0.000856
328.900000	0.000901
329.000000	0.000944
329.100000	0.000984
329.200000	0.001021
329.300000	0.001054
329.400000	0.001085
329.500000	0.001112
329.600000	0.001135
329.700000	0.001154
329.800000	0.001170
329.900000	0.001183
330.000000	0.001191
330.100000	0.001196
330.200000	0.001196
330.300000	0.001193
330.400000	0.001186
330.500000	0.001176
330.600000	0.001161
330.700000	0.001143
330.800000	0.001121
330.900000	0.001096
331.000000	0.001067
331.100000	0.001035
331.200000	0.001000
331.300000	0.000962
331.400000	0.000921
331.500000	0.000878
331.600000	0.000832
331.700000	0.000785
331.800000	0.000736
331.900000	0.000686
332.000000	0.000635
332.100000	0.000585
332.200000	0.000537
332.300000	0.000493
332.400000	0.000453
332.500000	0.000422
332.600000	0.000401
332.700000	0.000394
332.800000	0.000401
332.900000	0.000424
333.000000	0.000459
333.100000	0.000504
333.200000	0.000558
333.300000	0.000618
333.400000	0.000681
333.500000	0.000748
333.600000	0.000817
333.700000	0.000888
333.800000	0.000959
333.900000	0.001030
334.000000	0.001101
334.100000	0.001171
334.200000	0.001240
334.300000	0.001308
334.400000	0.001375
334.500000	0.001440
334.600000	0.001503
334.700000	0.001563
334.800000	0.001622
334.900000	0.001677
335.000000	0.001730
335.100000	0.001781
335.200000	0.001828
335.300000	0.001872
335.400000	0.001913
335.500000	0.001950
335.600000	0.001984
335.700000	0.002014
335.800000	0.002041
335.900000	0.002064
336.000000	0.002083
336.100000	0.002098
336.200000	0.002110
336.300000	0.002117
336.400000	0.002120
336.500000	0.002120
336.600000	0.002115
336.700000	0.002107
336.800000	0.002094
336.900000	0.002078
337.000000	0.002058
337.100000	0.002034
337.200000	0.002006
337.300000	0.001975
337.400000	0.001940
337.500000	0.001901
337.600000	0.001859
337.700000	0.001814
337.800000	0.001766
337.900000	0.001715
338.000000	0.001660
338.100000	0.001603
338.200000	0.001544
338.300000	0.001482
338.400000	0.001418
338.500000	0.001352
338.600000	0.001284
338.700000	0.001215
338.800000	0.001144
338.900000	0.001072
339.000000	0.001000
339.100000	0.000927
339.200000	0.000854
339.300000	0.000782
339.400000	0.000711
339.500000	0.000642
339.600000	0.000575
339.700000	0.000513
339.800000	0.000456
339.900000	0.000408
340.000000	0.000372
340.100000	0.000350
340.200000	0.000345
340.300000	0.000357
340.400000	0.000383
340.500000	0.000420
340.600000	0.000465
340.700000	0.000515
340.800000	0.000567
340.900000	0.000620
341.000000	0.000673
341.100000	0.000725
341.200000	0.000776
341.300000	0.000825
341.400000	0.000872
341.500000	0.000917
341.600000	0.000958
341.700000	0.000997
341.800000	0.001033
341.900000	0.001066
342.000000	0.001095
342.100000	0.001120
342.200000	0.001142
342.300000	0.001161
342.400000	0.001176
342.500000	0.001187
342.600000	0.001194
342.700000	0.001197
342.800000	0.001196
342.900000	0.001192
343.000000	0.001184
343.100000	0.001172
343.200000	0.001156
343.300000	0.001137
343.400000	0.001114
343.500000	0.001088
343.600000	0.001058
343.700000	0.001025
343.800000	0.000989
343.900000	0.000950
344.000000	0.000908
344.100000	0.000864
344.200000	0.000817
344.300000	0.000769
344.400000	0.000813
344.500000	0.000756
344.600000	0.000695
344.700000	0.000633
344.800000	0.000572
344.900000	0.000515
345.000000	0.000464
345.100000	0.000424
345.200000	0.000400
345.300000	0.000395
345.400000	0.000411
345.500000	0.000447
345.600000	0.000498
345.700000	0.000561
345.800000	0.000632
345.900000	0.000709
346.000000	0.000789
346.100000	0.000871
346.200000	0.000955
346.300000	0.001040
346.400000	0.001125
346.500000	0.001209
346.600000	0.001292
346.700000	0.001374
346.800000	0.001454
346.900000	0.001533
347.000000	0.001609
347.100000	0.001683
347.200000	0.001754
347.300000	0.001822
347.400000	0.001887
347.500000	0.001949
347.600000	0.002008
347.700000	0.002062
347.800000	0.002113
347.900000	0.002160
348.000000	0.002204
348.100000	0.002242
348.200000	0.002277
348.300000	0.002307
348.400000	0.002333
348.500000	0.002354
348.600000	0.002371
348.700000	0.002383
348.800000	0.002390
348.900000	0.002393
349.000000	0.002391
349.100000	0.002384
349.200000	0.002373
349.300000	0.002357
349.400000	0.002336
349.500000	0.002311
349.600000	0.002281
349.700000	0.002247
349.800000	0.002209
349.900000	0.002167
350.000000	0.002120
350.100000	0.002069
350.200000	0.002015
350.300000	0.001957
350.400000	0.001895
350.500000	0.001830
350.600000	0.001762
350.700000	0.001691
350.800000	0.001618
350.900000	0.001541
351.000000	0.001463
351.100000	0.001382
351.200000	0.001300
351.300000	0.001216
351.400000	0.001131
351.500000	0.001045
351.600000	0.000959
351.700000	0.000874
351.800000	0.000789
351.900000	0.000707
352.000000	0.000627
352.100000	0.000552
352.200000	0.000485
352.300000	0.000428
352.400000	0.000386
352.500000	0.000365
352.600000	0.000367
352.700000	0.000390
352.800000	0.000431
352.900000	0.000484
353.000000	0.000544
353.100000	0.000609
353.200000	0.000676
353.300000	0.000743
353.400000	0.000810
353.500000	0.000876
353.600000	0.000940
353.700000	0.001001
353.800000	0.001060
353.900000	0.001116
354.000000	0.001169
354.100000	0.001218
354.200000	0.001263
354.300000	0.001305
354.400000	0.001342
354.500000	0.001376
354.600000	0.001405
354.700000	0.001429
354.800000	0.001450
354.900000	0.001466
355.000000	0.001477
355.100000	0.001484
355.200000	0.001486
355.300000	0.001484
355.400000	0.001477
355.500000	0.001465
355.600000	0.001449
355.700000	0.001429
355.800000	0.001404
355.900000	0.001375
356.000000	0.001341
356.100000	0.001304
356.200000	0.001262
356.300000	0.001217
356.400000	0.001168
356.500000	0.001116
356.600000	0.001061
356.700000	0.001002
356.800000	0.000942
356.900000	0.000879
357.000000	0.000814
357.100000	0.000749
357.200000	0.000683
357.300000	0.000619
357.400000	0.000557
357.500000	0.000501
357.600000	0.000453
357.700000	0.000417
357.800000	0.000399
357.900000	0.000400
358.000000	0.000423
358.100000	0.000464
358.200000	0.000520
358.300000	0.000585
358.400000	0.000658
358.500000	0.000736
358.600000	0.000817
358.700000	0.000900
358.800000	0.000984
358.900000	0.001069
359.000000	0.001154
359.100000	0.001237
359.200000	0.001320
359.300000	0.001402
359.400000	0.001481
359.500000	0.001559
359.600000	0.001634
359.700000	0.001707
359.800000	0.001778
359.900000	0.001845
360.000000	0.001909
360.100000	0.001970
360.200000	0.002027
360.300000	0.002080
360.400000	0.002130
360.500000	0.002176
360.600000	0.002217
360.700000	0.002255
360.800000	0.002288
360.900000	0.002317
361.000000	0.002341
361.100000	0.002361
361.200000	0.002376
361.300000	0.002386
361.400000	0.002392
361.500000	0.002393
361.600000	0.002389
361.700000	0.002381
361.800000	0.002368
361.900000	0.002351
362.000000	0.002329
362.100000	0.002302
362.200000	0.002271
362.300000	0.002235
362.400000	0.002196
362.500000	0.002152
362.600000	0.002104
362.700000	0.002052
362.800000	0.001996
362.900000	0.001937
363.000000	0.001874
363.100000	0.001808
363.200000	0.001739
363.300000	0.001667
363.400000	0.001593
363.500000	0.001516
363.600000	0.001436
363.700000	0.001355
363.800000	0.001272
363.900000	0.001188
364.000000	0.001103
364.100000	0.001017
364.200000	0.000931
364.300000	0.000743
364.400000	0.000665
364.500000	0.000594
364.600000	0.000529
364.700000	0.000473
364.800000	0.000427
364.900000	0.000392
365.000000	0.000373
365.100000	0.000371
365.200000	0.000385
365.300000	0.000412
365.400000	0.000450
365.500000	0.000495
365.600000	0.000544
365.700000	0.000596
365.800000	0.000649
365.900000	0.000701
366.000000	0.000753
366.100000	0.000804
366.200000	0.000853
366.300000	0.000900
366.400000	0.000944
366.500000	0.000985
366.600000	0.001024
366.700000	0.001059
366.800000	0.001091
366.900000	0.001120
367.000000	0.001145
367.100000	0.001167
367.200000	0.001184
367.300000	0.001198
367.400000	0.001209
367.500000	0.001215
367.600000	0.001217
367.700000	0.001216
367.800000	0.001210
367.900000	0.001201
368.000000	0.001188
368.100000	0.001171
368.200000	0.001151
368.300000	0.001127
368.400000	0.001099
368.500000	0.001068
368.600000	0.001034
368.700000	0.000996
368.800000	0.000956
368.900000	0.000913
369.000000	0.000867
369.100000	0.000820
369.200000	0.000770
369.300000	0.000720
369.400000	0.000668
369.500000	0.000617
369.600000	0.000567
369.700000	0.000519
369.800000	0.000476
369.900000	0.000440
370.000000	0.000413
370.100000	0.000398
370.200000	0.000398
370.300000	0.000414
370.400000	0.000443
370.500000	0.000485
370.600000	0.000536
370.700000	0.000594
370.800000	0.000657
370.900000	0.000724
371.000000	0.000794
371.100000	0.000865
371.200000	0.000936
371.300000	0.001009
371.400000	0.001081
371.500000	0.001153
371.600000	0.001224
371.700000	0.001294
371.800000	0.001362
371.900000	0.001429
372.000000	0.001494
372.100000	0.001557
372.200000	0.001617
372.300000	0.001675
372.400000	0.001730
372.500000	0.001783
372.600000	0.001832
372.700000	0.001879
372.800000	0.001922
372.900000	0.001962
373.000000	0.001998
373.100000	0.002031
373.200000	0.002059
373.300000	0.002085
373.400000	0.002106
373.500000	0.002123
373.600000	0.002137
373.700000	0.002146
373.800000	0.002152
373.900000	0.002153
374.000000	0.002151
374.100000	0.002144
374.200000	0.002134
374.300000	0.002119
374.400000	0.002101
374.500000	0.002078
374.600000	0.002052
374.700000	0.002022
374.800000	0.001989
374.900000	0.001951
375.000000	0.001911
375.100000	0.001867
375.200000	0.001819
375.300000	0.001769
375.400000	0.001715
375.500000	0.001659
375.600000	0.001600
375.700000	0.001539
375.800000	0.001475
375.900000	0.001409
376.000000	0.001342
376.100000	0.001273
376.200000	0.001202
376.300000	0.001130
376.400000	0.001057
376.500000	0.000984
376.600000	0.000911
376.700000	0.000838
376.800000	0.000766
376.900000	0.000696
377.000000	0.000628
377.100000	0.000564
377.200000	0.000506
377.300000	0.000454
377.400000	0.000413
377.500000	0.000385
377.600000	0.000372
377.700000	0.000376
377.800000	0.000395
377.900000	0.000426
378.000000	0.000466
378.100000	0.000513
378.200000	0.000563
378.300000	0.000615
378.400000	0.000668
378.500000	0.000720
378.600000	0.000772
378.700000	0.000822
378.800000	0.000870
378.900000	0.000916
379.000000	0.000959
379.100000	0.001000
379.200000	0.001037
379.300000	0.001071
379.400000	0.001102
379.500000	0.001130
379.600000	0.001154
379.700000	0.001174
379.800000	0.001190
379.900000	0.001203
380.000000	0.001212
380.100000	0.001217
380.200000	0.001218
380.300000	0.001215
380.400000	0.001208
380.500000	0.001198
380.600000	0.001184
380.700000	0.001166
380.800000	0.001144
380.900000	0.001119
381.000000	0.001090
381.100000	0.001058
381.200000	0.001022
381.300000	0.000984
381.400000	0.000943
381.500000	0.000899
381.600000	0.000853
381.700000	0.000804
381.800000	0.000755
381.900000	0.000704
382.000000	0.000652
382.100000	0.000602
382.200000	0.000552
382.300000	0.000506
382.400000	0.000465
382.500000	0.000431
382.600000	0.000408
382.700000	0.000398
382.800000	0.000404
382.900000	0.000424
383.000000	0.000458
383.100000	0.000503
383.200000	0.000556
383.300000	0.000616
383.400000	0.000681
383.500000	0.000748
383.600000	0.000818
383.700000	0.000890
383.800000	0.000962
383.900000	0.001034
384.000000	0.001106
384.100000	0.001178
384.200000	0.001077
384.300000	0.001139
384.400000	0.001208
384.500000	0.001280
384.600000	0.001354
384.700000	0.001427
384.800000	0.001500
384.900000	0.001571
385.000000	0.001640
385.100000	0.001706
385.200000	0.001770
385.300000	0.001831
385.400000	0.001889
385.500000	0.001944
385.600000	0.001995
385.700000	0.002043
385.800000	0.002087
385.900000	0.002127
386.000000	0.002164
386.100000	0.002196
386.200000	0.002224
386.300000	0.002247
386.400000	0.002267
386.500000	0.002282
386.600000	0.002293
386.700000	0.002299
386.800000	0.002301
386.900000	0.002298
387.000000	0.002291
387.100000	0.002279
387.200000	0.002263
387.300000	0.002243
387.400000	0.002218
387.500000	0.002190
387.600000	0.002157
387.700000	0.002119
387.800000	0.002078
387.900000	0.002033
388.000000	0.001985
388.100000	0.001932
388.200000	0.001877
388.300000	0.001817
388.400000	0.001755
388.500000	0.001690
388.600000	0.001622
388.700000	0.001551
388.800000	0.001478
388.900000	0.001403
389.000000	0.001326
389.100000	0.001247
389.200000	0.001168
389.300000	0.001087
389.400000	0.001005
389.500000	0.000923
389.600000	0.000842
389.700000	0.000762
389.800000	0.000683
389.900000	0.000607
390.000000	0.000536
390.100000	0.000472
390.200000	0.000418
390.300000	0.000378
390.400000	0.000356
390.500000	0.000356
390.600000	0.000376
390.700000	0.000413
390.800000	0.000461
390.900000	0.000517
391.000000	0.000578
391.100000	0.000640
391.200000	0.000704
391.300000	0.000766
391.400000	0.000828
391.500000	0.000888
391.600000	0.000946
391.700000	0.001001
391.800000	0.001054
391.900000	0.001103
392.000000	0.001149
392.100000	0.001192
392.200000	0.001231
392.300000	0.001266
392.400000	0.001297
392.500000	0.001324
392.600000	0.001347
392.700000	0.001366
392.800000	0.001381
392.900000	0.001391
393.000000	0.001397
393.100000	0.001399
393.200000	0.001396
393.300000	0.001389
393.400000	0.001377
393.500000	0.001362
393.600000	0.001342
393.700000	0.001318
393.800000	0.001290
393.900000	0.001258
394.000000	0.001222
394.100000	0.001182
394.200000	0.001139
394.300000	0.001093
394.400000	0.001043
394.500000	0.000991
394.600000	0.000936
394.700000	0.000879
394.800000	0.000820
394.900000	0.000760
395.000000	0.000699
395.100000	0.000639
395.200000	0.000581
395.300000	0.000527
395.400000	0.000478
395.500000	0.000439
395.600000	0.000413
395.700000	0.000403
395.800000	0.000412
395.900000	0.000439
396.000000	0.000482
396.100000	0.000536
396.200000	0.000600
396.300000	0.000669
396.400000	0.000743
396.500000	0.000820
396.600000	0.000898
396.700000	0.000978
396.800000	0.001058
396.900000	0.001138
397.000000	0.001217
397.100000	0.001295
397.200000	0.001372
397.300000	0.001447
397.400000	0.001521
397.500000	0.001592
397.600000	0.001661
397.700000	0.001727
397.800000	0.001790
397.900000	0.001850
398.000000	0.001908
398.100000	0.001961
398.200000	0.002012
398.300000	0.002058
398.400000	0.002101
398.500000	0.002140
398.600000	0.002175
398.700000	0.002206
398.800000	0.002232
398.900000	0.002255
399.000000	0.002273
399.100000	0.002286
399.200000	0.002295
399.300000	0.002300
399.400000	0.002300
399.500000	0.002296
399.600000	0.002288
399.700000	0.002275
399.800000	0.002257
399.900000	0.002236
400.000000	0.002210
400.100000	0.002179
400.200000	0.002145
400.300000	0.002106
400.400000	0.002064
400.500000	0.002018
400.600000	0.001968
400.700000	0.001914
400.800000	0.001858
400.900000	0.001797
401.000000	0.001734
401.100000	0.001668
401.200000	0.001599
401.300000	0.001528
401.400000	0.001454
401.500000	0.001378
401.600000	0.001301
401.700000	0.001221
401.800000	0.001141
401.900000	0.001060
402.000000	0.000978
402.100000	0.000897
402.200000	0.000816
402.300000	0.000736
402.400000	0.000658
402.500000	0.000584
402.600000	0.000516
402.700000	0.000454
402.800000	0.000405
402.900000	0.000371
403.000000	0.000356
403.100000	0.000363
403.200000	0.000389
403.300000	0.000430
403.400000	0.000481
403.500000	0.000539
403.600000	0.000600
403.700000	0.000663
403.800000	0.000726
403.900000	0.000788
404.000000	0.000850
404.100000	0.001066
404.200000	0.001124
404.300000	0.001173
404.400000	0.001215
404.500000	0.001252
404.600000	0.001283
404.700000	0.001310
404.800000	0.001332
404.900000	0.001349
405.000000	0.001363
405.100000	0.001371
405.200000	0.001376
405.300000	0.001376
405.400000	0.001372
405.500000	0.001363
405.600000	0.001350
405.700000	0.001333
405.800000	0.001312
405.900000	0.001287
406.000000	0.001257
406.100000	0.001224
406.200000	0.001187
406.300000	0.001147
406.400000	0.001103
406.500000	0.001056
406.600000	0.001006
406.700000	0.000953
406.800000	0.000898
406.900000	0.000840
407.000000	0.000782
407.100000	0.000722
407.200000	0.000663
407.300000	0.000604
407.400000	0.000549
407.500000	0.000498
407.600000	0.000454
407.700000	0.000422
407.800000	0.000404
407.900000	0.000405
408.000000	0.000423
408.100000	0.000459
408.200000	0.000508
408.300000	0.000567
408.400000	0.000633
408.500000	0.000705
408.600000	0.000780
408.700000	0.000857
408.800000	0.000936
408.900000	0.001015
409.000000	0.001095
409.100000	0.001174
409.200000	0.001253
409.300000	0.001330
409.400000	0.001406
409.500000	0.001481
409.600000	0.001553
409.700000	0.001623
409.800000	0.001691
409.900000	0.001755
410.000000	0.001817
410.100000	0.001876
410.200000	0.001932
410.300000	0.001984
410.400000	0.002033
410.500000	0.002078
410.600000	0.002120
410.700000	0.002157
410.800000	0.002191
410.900000	0.002220
411.000000	0.002245
411.100000	0.002266
411.200000	0.002282
411.300000	0.002294
411.400000	0.002302
411.500000	0.002306
411.600000	0.002304
411.700000	0.002299
411.800000	0.002289
411.900000	0.002275
412.000000	0.002256
412.100000	0.002233
412.200000	0.002206
412.300000	0.002175
412.400000	0.002139
412.500000	0.002100
412.600000	0.002057
412.700000	0.002010
412.800000	0.001959
412.900000	0.001905
413.000000	0.001848
413.100000	0.001787
413.200000	0.001724
413.300000	0.001657
413.400000	0.001588
413.500000	0.001517
413.600000	0.001444
413.700000	0.001368
413.800000	0.001291
413.900000	0.001213
414.000000	0.001133
414.100000	0.001053
414.200000	0.000973
414.300000	0.000893
414.400000	0.000814
414.500000	0.000737
414.600000	0.000662
414.700000	0.000592
414.800000	0.000527
414.900000	0.000471
415.000000	0.000426
415.100000	0.000397
415.200000	0.000387
415.300000	0.000395
415.400000	0.000421
415.500000	0.000461
415.600000	0.000509
415.700000	0.000564
415.800000	0.000622
415.900000	0.000682
416.000000	0.000743
416.100000	0.000803
416.200000	0.000861
416.300000	0.000918
416.400000	0.000973
416.500000	0.001025
416.600000	0.001075
416.700000	0.001121
416.800000	0.001163
416.900000	0.001203
417.000000	0.001238
417.100000	0.001270
417.200000	0.001298
417.300000	0.001322
417.400000	0.001342
417.500000	0.001357
417.600000	0.001368
417.700000	0.001375
417.800000	0.001378
417.900000	0.001377
418.000000	0.001371
418.100000	0.001361
418.200000	0.001346
418.300000	0.001328
418.400000	0.001305
418.500000	0.001278
418.600000	0.001248
418.700000	0.001213
418.800000	0.001175
418.900000	0.001133
419.000000	0.001088
419.100000	0.001040
419.200000	0.000989
419.300000	0.000936
419.400000	0.000880
419.500000	0.000822
419.600000	0.000763
419.700000	0.000704
419.800000	0.000644
419.900000	0.000587
420.000000	0.000533
420.100000	0.000484
420.200000	0.000444
420.300000	0.000416
420.400000	0.000405
420.500000	0.000411
420.600000	0.000436
420.700000	0.000476
420.800000	0.000528
420.900000	0.000590
421.000000	0.000658
421.100000	0.000731
421.200000	0.000807
421.300000	0.000885
421.400000	0.000964
421.500000	0.001043
421.600000	0.001123
421.700000	0.001202
421.800000	0.001280
421.900000	0.001357
422.000000	0.001432
422.100000	0.001506
422.200000	0.001577
422.300000	0.001647
422.400000	0.001713
422.500000	0.001777
422.600000	0.001838
422.700000	0.001896
422.800000	0.001951
422.900000	0.002002
423.000000	0.002049
423.100000	0.002093
423.200000	0.002133
423.300000	0.002169
423.400000	0.002201
423.500000	0.002229
423.600000	0.002253
423.700000	0.002272
423.800000	0.002287
423.900000	0.002298
424.000000	0.002217
424.100000	0.002226
424.200000	0.002235
424.300000	0.002242
424.400000	0.002246
424.500000	0.002247
424.600000	0.002243
424.700000	0.002236
424.800000	0.002225
424.900000	0.002210
425.000000	0.002190
425.100000	0.002167
425.200000	0.002139
425.300000	0.002107
425.400000	0.002072
425.500000	0.002032
425.600000	0.001989
425.700000	0.001943
425.800000	0.001892
425.900000	0.001839
426.000000	0.001782
426.100000	0.001722
426.200000	0.001660
426.300000	0.001594
426.400000	0.001526
426.500000	0.001456
426.600000	0.001384
426.700000	0.001310
426.800000	0.001235
426.900000	0.001158
427.000000	0.001080
427.100000	0.001002
427.200000	0.000923
427.300000	0.000845
427.400000	0.000767
427.500000	0.000692
427.600000	0.000619
427.700000	0.000550
427.800000	0.000487
427.900000	0.000433
428.000000	0.000391
428.100000	0.000366
428.200000	0.000359
428.300000	0.000372
428.400000	0.000401
428.500000	0.000443
428.600000	0.000494
428.700000	0.000549
428.800000	0.000607
428.900000	0.000667
429.000000	0.000726
429.100000	0.000785
429.200000	0.000842
429.300000	0.000898
429.400000	0.000951
429.500000	0.001002
429.600000	0.001049
429.700000	0.001094
429.800000	0.001135
429.900000	0.001172
430.000000	0.001207
430.100000	0.001237
430.200000	0.001263
430.300000	0.001286
430.400000	0.001304
430.500000	0.001319
430.600000	0.001329
430.700000	0.001335
430.800000	0.001337
430.900000	0.001335
431.000000	0.001328
431.100000	0.001318
431.200000	0.001303
431.300000	0.001285
431.400000	0.001262
431.500000	0.001236
431.600000	0.001205
431.700000	0.001171
431.800000	0.001134
431.900000	0.001093
432.000000	0.001049
432.100000	0.001002
432.200000	0.000952
432.300000	0.000900
432.400000	0.000846
432.500000	0.000791
432.600000	0.000734
432.700000	0.000677
432.800000	0.000621
432.900000	0.000568
433.000000	0.000518
433.100000	0.000474
433.200000	0.000439
433.300000	0.000417
433.400000	0.000411
433.500000	0.000421
433.600000	0.000448
433.700000	0.000489
433.800000	0.000541
433.900000	0.000602
434.000000	0.000668
434.100000	0.000739
434.200000	0.000812
434.300000	0.000887
434.400000	0.000963
434.500000	0.001040
434.600000	0.001117
434.700000	0.001193
434.800000	0.001268
434.900000	0.001342
435.000000	0.001415
435.100000	0.001486
435.200000	0.001554
435.300000	0.001621
435.400000	0.001685
435.500000	0.001746
435.600000	0.001804
435.700000	0.001859
435.800000	0.001911
435.900000	0.001960
436.000000	0.002005
436.100000	0.002047
436.200000	0.002085
436.300000	0.002119
436.400000	0.002149
436.500000	0.002175
436.600000	0.002197
436.700000	0.002214
436.800000	0.002228
436.900000	0.002237
437.000000	0.002242
437.100000	0.002243
437.200000	0.002239
437.300000	0.002231
437.400000	0.002219
437.500000	0.002203
437.600000	0.002182
437.700000	0.002157
437.800000	0.002128
437.900000	0.002096
438.000000	0.002059
438.100000	0.002018
438.200000	0.001974
438.300000	0.001926
438.400000	0.001875
438.500000	0.001820
438.600000	0.001763
438.700000	0.001702
438.800000	0.001638
438.900000	0.001572
439.000000	0.001504
439.100000	0.001433
439.200000	0.001360
439.300000	0.001286
439.400000	0.001210
439.500000	0.001132
439.600000	0.001054
439.700000	0.000976
439.800000	0.000898
439.900000	0.000820
440.000000	0.000743
440.100000	0.000668
440.200000	0.000597
440.300000	0.000530
440.400000	0.000470
440.500000	0.000420
440.600000	0.000383
440.700000	0.000364
440.800000	0.000364
440.900000	0.000383
441.000000	0.000417
441.100000	0.000462
441.200000	0.000514
441.300000	0.000570
441.400000	0.000629
441.500000	0.000688
441.600000	0.000748
441.700000	0.000806
441.800000	0.000863
441.900000	0.000917
442.000000	0.000969
442.100000	0.001019
442.200000	0.001065
442.300000	0.001109
442.400000	0.001149
442.500000	0.001185
442.600000	0.001218
442.700000	0.001247
442.800000	0.001272
442.900000	0.001293
443.000000	0.001310
443.100000	0.001323
443.200000	0.001332
443.300000	0.001337
443.400000	0.001338
443.500000	0.001334
443.600000	0.001326
443.700000	0.001314
443.800000	0.001298
443.900000	0.001292
444.000000	0.001256
444.100000	0.001214
444.200000	0.001168
444.300000	0.001118
444.400000	0.001065
444.500000	0.001009
444.600000	0.000950
444.700000	0.000888
444.800000	0.000826
444.900000	0.000762
445.000000	0.000698
445.100000	0.000635
445.200000	0.000575
445.300000	0.000519
445.400000	0.000471
445.500000	0.000435
445.600000	0.000415
445.700000	0.000414
445.800000	0.000432
445.900000	0.000469
446.000000	0.000521
446.100000	0.000584
446.200000	0.000654
446.300000	0.000730
446.400000	0.000809
446.500000	0.000890
446.600000	0.000973
446.700000	0.001057
446.800000	0.001141
446.900000	0.001224
447.000000	0.001306
447.100000	0.001387
447.200000	0.001467
447.300000	0.001544
447.400000	0.001620
447.500000	0.001693
447.600000	0.001763
447.700000	0.001831
447.800000	0.001895
447.900000	0.001956
448.000000	0.002014
448.100000	0.002068
448.200000	0.002118
448.300000	0.002164
448.400000	0.002207
448.500000	0.002245
448.600000	0.002279
448.700000	0.002308
448.800000	0.002334
448.900000	0.002354
449.000000	0.002370
449.100000	0.002382
449.200000	0.002389
449.300000	0.002391
449.400000	0.002389
449.500000	0.002382
449.600000	0.002370
449.700000	0.002354
449.800000	0.002333
449.900000	0.002308
450.000000	0.002278
450.100000	0.002244
450.200000	0.002205
450.300000	0.002163
450.400000	0.002116
450.500000	0.002066
450.600000	0.002011
450.700000	0.001954
450.800000	0.001892
450.900000	0.001828
451.000000	0.001760
451.100000	0.001689
451.200000	0.001616
451.300000	0.001540
451.400000	0.001462
451.500000	0.001382
451.600000	0.001301
451.700000	0.001218
451.800000	0.001134
451.900000	0.001050
452.000000	0.000966
452.100000	0.000882
452.200000	0.000799
452.300000	0.000719
452.400000	0.000642
452.500000	0.000570
452.600000	0.000506
452.700000	0.000453
452.800000	0.000414
452.900000	0.000395
453.000000	0.000396
453.100000	0.000418
453.200000	0.000456
453.300000	0.000505
453.400000	0.000563
453.500000	0.000625
453.600000	0.000689
453.700000	0.000754
453.800000	0.000819
453.900000	0.000883
454.000000	0.000945
454.100000	0.001005
454.200000	0.001063
454.300000	0.001117
454.400000	0.001168
454.500000	0.001216
454.600000	0.001261
454.700000	0.001301
454.800000	0.001338
454.900000	0.001370
455.000000	0.001399
455.100000	0.001423
455.200000	0.001442
455.300000	0.001457
455.400000	0.001468
455.500000	0.001474
455.600000	0.001476
455.700000	0.001473
455.800000	0.001466
455.900000	0.001454
456.000000	0.001437
456.100000	0.001417
456.200000	0.001392
456.300000	0.001362
456.400000	0.001329
456.500000	0.001291
456.600000	0.001250
456.700000	0.001205
456.800000	0.001156
456.900000	0.001104
457.000000	0.001049
457.100000	0.000992
457.200000	0.000932
457.300000	0.000870
457.400000	0.000806
457.500000	0.000742
457.600000	0.000679
457.700000	0.000616
457.800000	0.000557
457.900000	0.000504
458.000000	0.000460
458.100000	0.000429
458.200000	0.000415
458.300000	0.000420
458.400000	0.000445
458.500000	0.000487
458.600000	0.000543
458.700000	0.000608
458.800000	0.000680
458.900000	0.000757
459.000000	0.000837
459.100000	0.000919
459.200000	0.001003
459.300000	0.001086
459.400000	0.001170
459.500000	0.001253
459.600000	0.001334
459.700000	0.001415
459.800000	0.001494
459.900000	0.001571
460.000000	0.001645
460.100000	0.001717
460.200000	0.001787
460.300000	0.001853
460.400000	0.001916
460.500000	0.001976
460.600000	0.002033
460.700000	0.002086
460.800000	0.002134
460.900000	0.002180
461.000000	0.002220
461.100000	0.002257
461.200000	0.002290
461.300000	0.002318
461.400000	0.002342
461.500000	0.002361
461.600000	0.002375
461.700000	0.002385
461.800000	0.002391
461.900000	0.002391
462.000000	0.002387
462.100000	0.002379
462.200000	0.002365
462.300000	0.002348
462.400000	0.002325
462.500000	0.002298
462.600000	0.002267
462.700000	0.002232
462.800000	0.002192
462.900000	0.002148
463.000000	0.002100
463.100000	0.002048
463.200000	0.001993
463.300000	0.001934
463.400000	0.001871
463.500000	0.001806
463.600000	0.001737
463.700000	0.001666
463.800000	0.001551
463.900000	0.001484
464.000000	0.001416
464.100000	0.001349
464.200000	0.001280
464.300000	0.001210
464.400000	0.001140
464.500000	0.001069
464.600000	0.000997
464.700000	0.000925
464.800000	0.000854
464.900000	0.000783
465.000000	0.000714
465.100000	0.000648
465.200000	0.000584
465.300000	0.000526
465.400000	0.000474
465.500000	0.000430
465.600000	0.000399
465.700000	0.000382
465.800000	0.000380
465.900000	0.000393
466.000000	0.000419
466.100000	0.000454
466.200000	0.000497
466.300000	0.000544
466.400000	0.000594
466.500000	0.000645
466.600000	0.000696
466.700000	0.000746
466.800000	0.000795
466.900000	0.000842
467.000000	0.000888
467.100000	0.000930
467.200000	0.000971
467.300000	0.001008
467.400000	0.001042
467.500000	0.001074
467.600000	0.001101
467.700000	0.001126
467.800000	0.001147
467.900000	0.001164
468.000000	0.001177
468.100000	0.001187
468.200000	0.001193
468.300000	0.001195
468.400000	0.001194
468.500000	0.001189
468.600000	0.001180
468.700000	0.001167
468.800000	0.001151
468.900000	0.001131
469.000000	0.001107
469.100000	0.001080
469.200000	0.001050
469.300000	0.001017
469.400000	0.000980
469.500000	0.000941
469.600000	0.000900
469.700000	0.000856
469.800000	0.000810
469.900000	0.000763
470.000000	0.000714
470.100000	0.000666
470.200000	0.000617
470.300000	0.000570
470.400000	0.000526
470.500000	0.000487
470.600000	0.000454
470.700000	0.000431
470.800000	0.000420
470.900000	0.000422
471.000000	0.000438
471.100000	0.000467
471.200000	0.000507
471.300000	0.000555
471.400000	0.000611
471.500000	0.000672
471.600000	0.000736
471.700000	0.000803
471.800000	0.000871
471.900000	0.000941
472.000000	0.001011
472.100000	0.001081
472.200000	0.001150
472.300000	0.001219
472.400000	0.001287
472.500000	0.001354
472.600000	0.001419
472.700000	0.001482
472.800000	0.001543
472.900000	0.001602
473.000000	0.001658
473.100000	0.001712
473.200000	0.001763
473.300000	0.001811
473.400000	0.001856
473.500000	0.001898
473.600000	0.001937
473.700000	0.001972
473.800000	0.002003
473.900000	0.002031
474.000000	0.002056
474.100000	0.002076
474.200000	0.002093
474.300000	0.002106
474.400000	0.002115
474.500000	0.002120
474.600000	0.002121
474.700000	0.002118
474.800000	0.002112
474.900000	0.002101
475.000000	0.002087
475.100000	0.002068
475.200000	0.002046
475.300000	0.002020
475.400000	0.001990
475.500000	0.001957
475.600000	0.001921
475.700000	0.001881
475.800000	0.001837
475.900000	0.001791
476.000000	0.001741
476.100000	0.001689
476.200000	0.001633
476.300000	0.001576
476.400000	0.001515
476.500000	0.001453
476.600000	0.001388
476.700000	0.001322
476.800000	0.001254
476.900000	0.001185
477.000000	0.001115
477.100000	0.001044
477.200000	0.000973
477.300000	0.000901
477.400000	0.000831
477.500000	0.000761
477.600000	0.000693
477.700000	0.000627
477.800000	0.000565
477.900000	0.000509
478.000000	0.000460
478.100000	0.000421
478.200000	0.000394
478.300000	0.000382
478.400000	0.000385
478.500000	0.000403
478.600000	0.000432
478.700000	0.000470
478.800000	0.000515
478.900000	0.000563
479.000000	0.000613
479.100000	0.000663
479.200000	0.000714
479.300000	0.000764
479.400000	0.000812
479.500000	0.000859
479.600000	0.000904
479.700000	0.000945
479.800000	0.000985
479.900000	0.001021
480.000000	0.001054
480.100000	0.001084
480.200000	0.001111
480.300000	0.001134
480.400000	0.001154
480.500000	0.001170
480.600000	0.001182
480.700000	0.001191
480.800000	0.001195
480.900000	0.001196
481.000000	0.001194
481.100000	0.001187
481.200000	0.001177
481.300000	0.001163
481.400000	0.001145
481.500000	0.001124
481.600000	0.001099
481.700000	0.001071
481.800000	0.001040
481.900000	0.001006
482.000000	0.000969
482.100000	0.000929
482.200000	0.000886
482.300000	0.000842
482.400000	0.000796
482.500000	0.000748
482.600000	0.000700
482.700000	0.000651
482.800000	0.000603
482.900000	0.000557
483.000000	0.000515
483.100000	0.000477
483.200000	0.000448
483.300000	0.000428
483.400000	0.000421
483.500000	0.000428
483.600000	0.000449
483.700000	0.000521
483.800000	0.000584
483.900000	0.000653
484.000000	0.000727
484.100000	0.000804
484.200000	0.000883
484.300000	0.000964
484.400000	0.001045
484.500000	0.001126
484.600000	0.001206
484.700000	0.001286
484.800000	0.001365
484.900000	0.001442
485.000000	0.001517
485.100000	0.001590
485.200000	0.001661
485.300000	0.001730
485.400000	0.001795
485.500000	0.001858
485.600000	0.001917
485.700000	0.001973
485.800000	0.002026
485.900000	0.002075
486.000000	0.002120
486.100000	0.002162
486.200000	0.002199
486.300000	0.002232
486.400000	0.002261
486.500000	0.002286
486.600000	0.002306
486.700000	0.002322
486.800000	0.002333
486.900000	0.002340
487.000000	0.002343
487.100000	0.002341
487.200000	0.002334
487.300000	0.002323
487.400000	0.002307
487.500000	0.002287
487.600000	0.002263
487.700000	0.002234
487.800000	0.002201
487.900000	0.002164
488.000000	0.002123
488.100000	0.002078
488.200000	0.002030
488.300000	0.001977
488.400000	0.001921
488.500000	0.001862
488.600000	0.001799
488.700000	0.001734
488.800000	0.001665
488.900000	0.001594
489.000000	0.001521
489.100000	0.001446
489.200000	0.001368
489.300000	0.001289
489.400000	0.001209
489.500000	0.001128
489.600000	0.001047
489.700000	0.000965
489.800000	0.000884
489.900000	0.000804
490.000000	0.000726
490.100000	0.000651
490.200000	0.000582
490.300000	0.000519
490.400000	0.000466
490.500000	0.000427
490.600000	0.000405
490.700000	0.000401
490.800000	0.000417
490.900000	0.000450
491.000000	0.000494
491.100000	0.000546
491.200000	0.000604
491.300000	0.000665
491.400000	0.000727
491.500000	0.000789
491.600000	0.000850
491.700000	0.000910
491.800000	0.000967
491.900000	0.001023
492.000000	0.001076
492.100000	0.001125
492.200000	0.001172
492.300000	0.001215
492.400000	0.001254
492.500000	0.001290
492.600000	0.001321
492.700000	0.001349
492.800000	0.001372
492.900000	0.001392
493.000000	0.001407
493.100000	0.001417
493.200000	0.001424
493.300000	0.001425
493.400000	0.001423
493.500000	0.001416
493.600000	0.001405
493.700000	0.001389
493.800000	0.001369
493.900000	0.001345
494.000000	0.001317
494.100000	0.001285
494.200000	0.001249
494.300000	0.001209
494.400000	0.001166
494.500000	0.001119
494.600000	0.001070
494.700000	0.001017
494.800000	0.000962
494.900000	0.000904
495.000000	0.000845
495.100000	0.000784
495.200000	0.000724
495.300000	0.000663
495.400000	0.000605
495.500000	0.000550
495.600000	0.000501
495.700000	0.000461
495.800000	0.000434
495.900000	0.000423
496.000000	0.000430
496.100000	0.000455
496.200000	0.000496
496.300000	0.000550
496.400000	0.000612
496.500000	0.000682
496.600000	0.000756
496.700000	0.000833
496.800000	0.000912
496.900000	0.000992
497.000000	0.001073
497.100000	0.001154
497.200000	0.001234
497.300000	0.001314
497.400000	0.001392
497.500000	0.001468
497.600000	0.001543
497.700000	0.001615
497.800000	0.001685
497.900000	0.001753
498.000000	0.001817
498.100000	0.001879
498.200000	0.001937
498.300000	0.001992
498.400000	0.002044
498.500000	0.002091
498.600000	0.002135
498.700000	0.002175
498.800000	0.002211
498.900000	0.002243
499.000000	0.002270
499.100000	0.002294
499.200000	0.002312
499.300000	0.002327
499.400000	0.002337
499.500000	0.002342
499.600000	0.002343
499.700000	0.002339
499.800000	0.002331
499.900000	0.002319
500.000000	0.002302
